target,prediction_0,prediction_1,prediction_2,prediction_3,prediction_4,prediction_5,prediction_6,prediction_7,prediction_8,prediction_9
3,1.363246568303776e-09,1.0215890442660674e-09,7.40262110174145e-05,0.999745563937362,1.5252098310676462e-06,2.1283997837463567e-06,1.471853687102989e-07,5.092163799881467e-07,9.657800284839986e-05,7.951945257313734e-05
5,0.00011672056567627037,5.69000569296973e-05,0.00042576067226698006,1.6870366951320966e-05,2.2852938214678361e-07,0.99924024295861,5.313313667485948e-07,0.00010383078898026918,3.3887149408208817e-05,5.027580428446482e-06
9,7.092765021457229e-06,9.16041531577695e-06,6.562143106315183e-08,0.0032941655507215204,6.576484488853179e-05,0.0020541107819073826,3.74211426108959e-05,3.9859685755228995e-05,0.08109303634961283,0.9133993228427354
8,3.482130655257896e-09,6.406333518128514e-05,1.990115533432714e-06,0.018000875716673657,4.764382151104304e-05,0.010338104405242656,8.640305697929537e-07,0.010761063961727798,0.8105674195247106,0.15021797160671913
3,1.6108820138012307e-10,4.221466557317091e-05,5.287872669083453e-10,0.9998566393154439,5.2288299147796606e-08,1.6183804347698022e-06,2.050294795591515e-10,8.734275496766313e-07,2.5576122960658176e-05,7.302490483367581e-05
7,1.8705277130835127e-07,2.9491827008900537e-06,6.47088071527145e-09,1.3729951857879238e-05,0.00020423175479112771,3.063693596652766e-07,1.4745310887375814e-05,0.9996594264643673,5.678248407266905e-05,4.7634958310956677e-05
3,4.277980893349077e-08,1.7688982218542833e-08,3.0782299375935637e-07,0.9853288179612479,1.183545854225158e-06,1.8750600285548996e-05,2.3117328909215728e-07,1.0889012110580965e-07,0.0004824460544626909,0.01416809348295459
3,4.997929496309662e-06,5.440864479810769e-06,4.347565107440475e-06,0.9386948252606149,1.0367379989144265e-05,0.0013456682266592415,5.536742021604195e-05,0.0019166375714679417,7.521034343575879e-05,0.05788713743853342
7,0.0003575000960522776,0.0006900617249160089,2.3491830340592797e-07,6.94174422615369e-06,0.008081576313390727,5.323205857802872e-06,0.001507005229621345,0.8971078689239772,0.09209394263595787,0.0001495452076973437
1,5.372510339588777e-07,0.9996042221045055,2.5203148756704812e-05,0.00016909928128795303,5.8720765927350196e-05,2.524134352939259e-08,1.1390490758718654e-05,2.702954813719689e-07,0.0001302460110452741,2.85409859597993e-07
0,0.9999644550960691,7.216918112499748e-08,1.0247008047177357e-05,4.573759282423632e-06,5.1519868198902965e-06,2.762053591043271e-06,1.21587344288869e-05,3.4532223961123776e-07,1.0789838486228916e-08,2.230805023380853e-07
7,6.334443593122424e-08,4.517402225865478e-06,1.6212541943186617e-11,9.266846143975517e-07,0.0002476733173187427,9.386220955224304e-08,5.365056808856854e-05,0.9995283536792342,7.430448470518568e-06,0.00015729067718985742
3,2.3684082429205915e-07,2.9288708100882988e-09,3.0804542630749496e-05,0.9986703940121462,1.9895632581319558e-06,2.3002608512607953e-06,3.953812401513577e-06,1.405904172818748e-07,3.0863730800864113e-06,0.0012870910755197844
7,1.652260371124844e-08,1.4533570822436032e-06,3.31416588258506e-12,1.8004639767684748e-06,2.916781240016546e-05,9.359675876430633e-08,1.8700828122018944e-05,0.9996364103451082,1.5778250119143955e-06,0.0003107792456223029
6,0.00011796595944258079,3.285384902033034e-07,6.941802335935488e-08,3.1849287527525197e-09,0.0006461741231687909,1.206465092109878e-08,0.9992085538684722,2.6642256004413814e-05,8.800244230626595e-09,2.4178657445235886e-07
6,1.847758935079958e-05,1.456118782567399e-06,5.234999854204953e-08,2.452560038717993e-06,0.00046534433191307447,1.1915043204087104e-09,0.999298477676434,0.0001651945756994868,1.551772126574626e-05,3.302588501279382e-05
2,5.027443292659051e-08,2.394307026127952e-05,0.9999314582317183,2.525911264633381e-05,2.5820049873435795e-07,2.6882674869344e-07,7.457483628653588e-06,3.3720293099008124e-09,1.1242785610223978e-05,5.8642425693523614e-08
0,0.9998495565362219,3.462690492917231e-08,1.9210383315413872e-05,0.00010558441066876154,2.1878083287815917e-05,7.500851758172801e-07,1.6080835909985744e-06,2.0036048797396136e-07,2.850124605131089e-07,8.924178855933152e-07
0,0.9999366258516406,9.837935243623645e-08,9.988867261468688e-06,2.688426406137986e-05,7.910305809835134e-06,1.4122676626263236e-05,3.0481696275473746e-06,7.277792238070098e-07,1.92486196602207e-08,5.744577771843683e-07
9,9.549147793794692e-09,6.643385270251371e-10,4.474073352916795e-13,1.2086548701839001e-06,8.539942327827156e-07,9.6051278499028e-06,2.4504030028915784e-08,2.0503296880983348e-08,3.854807861235676e-05,0.9999497289231741
9,2.5885517414529804e-05,5.036826372466769e-07,2.2392633198157595e-07,0.36084024921234836,8.995678880102963e-06,1.682255202006639e-05,1.484191866005611e-05,2.1879468555953495e-06,3.761329136495345e-05,0.639052676273487
2,1.2979611022663352e-09,4.501550800712682e-09,0.9999901506439656,9.642547996064372e-06,3.3592160045676565e-09,5.75783934276013e-08,8.668792261631364e-08,7.997889414983446e-13,5.325659801977578e-08,1.2559666469663965e-10
4,0.0004993296890250784,0.00016597943645344564,3.250283807767779e-09,5.126434187301147e-09,0.9982011550141573,1.3188843427217046e-07,0.0011269343274473507,1.9274675541983708e-07,7.33937093428207e-07,5.534583915613285e-06
5,2.0498405070985807e-11,1.7835071387991993e-09,5.474116554319733e-08,3.4937325420179484e-06,5.090728489324491e-12,0.9999955580835762,8.580823612616487e-12,5.0146524895029076e-08,6.87210690902581e-07,1.5426782306025214e-07
0,0.9993216456305684,2.406404688982459e-07,2.4787333597031392e-05,0.000450309480330373,8.96995425002108e-06,4.11175769032142e-05,0.00013058772345467297,1.6035308433566715e-06,9.105058156129067e-07,1.982762376818291e-05
1,1.9095228567364697e-05,0.9964217361351645,4.541643328542508e-05,0.0008437867221679595,0.0025338920331790756,1.9459447030563806e-06,3.5601157740512384e-05,5.4474488867278e-06,9.008266054137313e-05,2.9962357637884615e-06
1,1.922702072351329e-07,0.9932117872166839,1.3590770539843488e-06,0.002905701058195882,1.4340830881888868e-05,2.2982879527567673e-07,1.1251100617409906e-06,0.0002344188485414877,0.003612646463361019,1.819929621751383e-05
8,2.409171131779603e-11,4.5599572964136775e-08,4.2233179674306374e-10,3.292696669514701e-05,1.204217551106007e-05,2.2251021332555106e-07,8.191970860863156e-09,5.8406597304822895e-09,0.9997946020173206,0.0001601462516327222
9,0.00039253502762219333,8.00596227016273e-05,3.4712313078267085e-06,0.015986134059220662,0.0005360966863586766,0.00016306569545798262,0.0046500019694687075,0.00021047641988509354,0.010248409199770409,0.9677297500882067
9,6.29470197424405e-09,2.1933484390001046e-05,1.6722703146511327e-12,2.3500462910280104e-06,0.000900734408575356,4.8850771038885986e-05,1.5664238101714827e-07,0.000324317784298879,0.00021073655375640566,0.9984909140128942
5,0.001196647176944819,0.009151177025846887,0.0014023376888296973,0.0726591784142487,0.0001078371270653201,0.8663273087073623,0.0002782467397449005,0.002462854704517285,0.017429381768711998,0.02898503064672825
5,4.416183755928463e-06,1.3929889417786744e-07,1.0295786027844e-06,0.002166361517574251,3.3196145730443936e-06,0.996033654993997,2.329990158651713e-06,1.0374567758530378e-05,2.4599069157372784e-06,0.0017759143477696793
3,0.0012267395851548986,1.7875467631283987e-06,0.012605046781054523,0.9725466106656327,1.2625127088859063e-05,0.008151113141615962,4.112329111415532e-05,9.629171456103575e-07,0.0029115748147914263,0.0025024161296387
7,6.202926829008895e-09,8.252473782425205e-07,2.1193844507001525e-10,3.708120218056206e-05,8.452867597934321e-06,7.902156472418496e-08,2.0384147929273882e-05,0.9998341986510643,6.841184649677674e-06,9.213126277001932e-05
8,2.257769117016966e-06,1.681149975145924e-05,1.1657999165043094e-05,0.00039938480516973993,0.0001286951879077304,0.012589901381070266,1.4766372770763048e-05,1.5072806493047788e-05,0.9570628662386537,0.029758585939901265
2,0.001227874198639946,0.00018555256058091588,0.9948308957399616,0.00015802240390460365,2.6386804272968894e-06,2.891662781447094e-05,3.828763181791659e-05,4.388549860031826e-06,0.003522824303476205,5.993035171373832e-07
7,2.267189729055358e-06,1.7471339905488473e-05,7.202809087581886e-08,0.004502411161917069,1.537277650287088e-05,9.3012730423925e-05,0.00031210256558471977,0.9769841017077164,0.00040064999235771206,0.01767253850777169
5,1.4955078021406165e-07,9.498753202720638e-08,7.692001409928366e-06,1.6285904231113057e-06,2.1877315336686625e-10,0.999500868059396,2.3536094296876693e-08,0.0004870468107490811,1.0688478191853795e-06,1.4273970229697342e-06
5,0.0022921636884832364,0.0003871343562171156,1.0889651421511505e-05,0.0008531291659039514,0.0005052670558413944,0.9818808295979714,0.00018634639272764594,0.004952554704105687,0.0007584118714571144,0.008173273515870992
1,5.08548275792592e-08,0.9997658956591202,3.470220830499096e-09,9.536008418968148e-05,0.00010966782911089527,1.5980715640281457e-08,7.706461529069988e-07,7.650169346724652e-07,1.337517684613053e-05,1.4095281881190422e-05
0,0.48933498608619785,5.4590131973936287e-05,0.00012476006785933509,6.484370157964485e-05,0.002598652004579405,2.0507754390346255e-08,0.5073884500245235,0.0002825196139433214,0.00011133867357601338,3.9839188012594957e-05
6,0.007986187281542602,0.0010376276951864526,8.60705351013174e-05,1.080518118228676e-05,0.015207360931161795,0.0003779221138137322,0.9668169446834151,0.006325923559468369,0.0003755790756859199,0.00177557894344259
6,4.762784450316968e-05,2.2080456691660687e-06,3.309468534568721e-07,4.9060375777857104e-08,0.0006783747481465814,1.0158373252469076e-08,0.9992482245902404,1.828258742064031e-05,2.9180731845330466e-08,4.8628376857821465e-06
4,7.585774252850991e-07,0.00026716057579364915,3.626354742328454e-11,6.340814069491729e-09,0.8174325339841239,8.21676158188487e-08,0.026125377169840307,0.14470412383798492,0.0010983450933893144,0.010371612216749402
0,0.9965634611986636,1.3668498048115556e-08,3.351864785267579e-06,7.644891862591003e-08,9.111814291453898e-06,4.649595351361236e-09,0.0034238040574684704,1.6999055939804677e-07,2.4483959190268857e-09,3.858823942801848e-09
3,2.568706761566377e-09,2.4897739188188645e-09,9.39733860461345e-10,0.9996581080885518,2.6256766827925207e-08,2.7239321246097662e-06,4.828888120254725e-09,1.2913441236036875e-07,4.6652674007968506e-07,0.00033853523430168016
1,0.0015756872656583025,0.9755125074430623,1.215347612550752e-06,0.00019484263000404958,0.022061473495428155,9.796998189214091e-06,3.8796811879627606e-05,1.015176712130653e-05,3.8429760345567325e-05,0.0005570984806987842
3,0.0004220392703544557,0.00010841450993259994,0.016508991042881404,0.9037597686945659,0.005718260924973967,0.0001620969404700912,0.00771699526782804,0.00014873883701734965,0.04053536819571033,0.024919326316266095
6,0.00011617072339386764,1.9433186887175787e-05,1.1338915947590686e-07,3.1679205071074004e-07,0.004536660081372706,1.2330817725592084e-08,0.9945470628940838,0.0005758216234018982,3.4799594245334415e-07,0.00020406098289015451
0,0.9994577743819105,1.9385810561990246e-07,1.887827885102857e-05,0.00037486038103482617,5.832125662408722e-06,3.3688475311153195e-05,9.19640791345619e-05,1.1443708643737963e-06,5.299546376773987e-07,1.5134094487829818e-05
4,3.0299340423295496e-06,0.0005331022280681726,8.982591954947131e-10,9.575317529661206e-10,0.9920483168760075,1.2159790826847305e-08,0.00741262396765524,1.8550581064617034e-06,3.67283114659294e-07,6.906374240040512e-07
6,1.3724980522731611e-05,4.437201069707965e-07,3.5059461818330145e-08,7.992702043000274e-06,0.00024209273098413676,6.272016274899186e-11,0.9991520380047573,0.0005715578452727563,5.841660438161958e-07,1.153072808739448e-05
6,5.926714695750325e-05,3.935668650563027e-06,2.1749077889261974e-07,1.314481377648333e-07,0.0008483260900074942,4.779397863171097e-09,0.9989795817032218,0.00010011507114611393,2.447168507555289e-08,8.39613001689663e-06
7,5.029532398085318e-09,2.782600421872345e-06,1.8303141917736602e-09,3.157804871643335e-05,3.827285463510842e-06,6.106339851847216e-06,7.0678423675524005e-06,0.9997025004455553,5.6795464356511855e-05,0.00018933511342033088
1,8.170611370321342e-06,0.7131020902224796,0.0003422738781805304,2.621122067257212e-06,2.6760840093430474e-05,0.001979845207481257,2.1071675515854205e-06,9.439447153056823e-05,0.2844404381236958,1.298355549704978e-06
0,0.997301410052459,1.3955642783637724e-05,0.00021808610961383611,8.477954900331255e-05,0.0004928392472076479,2.7266275325110136e-05,0.0018068484558707073,5.793661085818949e-06,4.77168889463487e-06,4.424931775616501e-05
8,9.651053925385021e-08,0.0009069162829438559,8.473695486579802e-06,0.0016704019355477343,6.997479813906298e-05,3.570254273305998e-08,1.7598132133648187e-05,1.255384925824723e-06,0.9972155756861408,0.00010967187160056294
6,0.0021371512531670224,2.5052145429884538e-06,7.422643233744855e-06,6.581342642451256e-08,0.0054968541432341336,8.805324873627653e-08,0.9923070212833819,4.419548944949908e-05,1.9625512857256097e-07,4.499851186758857e-06
1,1.0936179086764752e-06,0.9999315876498406,9.589959342797015e-06,3.678907499824549e-06,3.6014916341439504e-06,6.672582587211645e-08,5.541393391931928e-07,4.0342823334216e-09,4.981848330847283e-05,4.9910181254705006e-09
9,9.920617001602473e-08,0.007980710434527685,1.0348275549633068e-07,6.093082702866869e-05,0.003045206531689049,0.0003123920581755289,1.5226717060709083e-05,0.01639068685446077,0.9468424011668055,0.025352242721326444
1,1.2258141558521017e-05,0.9980058038176737,6.173898041306713e-07,3.1507129536140754e-05,0.0018810522192383675,2.775822872772324e-07,3.137754808800179e-05,1.0629874496157963e-06,2.0311400636266447e-05,1.573178372777302e-05
4,1.6054726194910314e-06,0.0027654410464304723,9.286685431510209e-11,8.515228999355973e-08,0.9971891368351913,1.9708670868835436e-09,3.389207207563735e-05,4.506446599027295e-06,4.982313332519947e-06,3.485977277797397e-07
2,1.564507753341969e-10,5.486801222318011e-11,0.9999998547816418,1.354297331479932e-07,1.5004707954768837e-10,7.937681566299605e-09,1.525152064558735e-10,1.0533494647291611e-13,1.3297255085779444e-09,7.2318508977412875e-12
8,7.448154618785645e-08,4.290471694072545e-07,1.7254086159044817e-06,0.46450094264901265,0.00011397153271194461,1.156456292467718e-05,9.207275894579111e-06,2.4035298814874508e-06,0.5247921862870077,0.010567495225235347
4,0.00044837901432687237,4.98984670071971e-06,9.606040606074493e-08,5.530398129520603e-09,0.9871096745452499,9.137836699183688e-09,0.012433779509020193,1.6203520246859739e-06,2.5428307120025896e-07,1.1917209654170795e-06
9,0.0003030222240227101,0.00604462096598224,0.00015976328814766854,0.3288348877977042,0.009867877739202639,7.530608050231151e-06,0.2805938710265792,0.007509407730165887,0.03298424846454073,0.3336947701556045
9,2.1724578091107975e-06,6.522514092235893e-05,7.977690399950982e-10,0.0003032972696437966,0.05934454776694045,3.6115679111360465e-05,0.003447086531970545,0.06456221078365405,0.07267342102228297,0.7995659225498963
1,0.00047627547156112616,0.8684308235054571,1.2052100562872219e-06,1.3559056242230819e-06,0.0963228931380965,5.448070359054303e-05,0.0014350917287264452,0.0006231184214421417,0.03227774342134838,0.00037701249409739747
6,0.03924045167893868,0.0008139094029961486,0.0005894966303321981,2.5816419659439918e-05,0.08591820771130544,4.033843444721935e-05,0.8711395676580885,0.001353824928231794,7.117343818296207e-05,0.0008072136978176735
2,1.3639658655676811e-05,0.0073853124056184475,0.9849370419696043,0.007350044439251265,2.8860715562731255e-05,3.885176344367179e-05,0.00013876703871101322,3.0845183341051623e-07,0.00010548574463653033,1.6878126828850802e-06
3,1.747026254427317e-09,4.762751181120321e-11,2.0603201463058178e-07,0.9854776435787431,1.7341029624670896e-07,8.788353288446997e-05,1.4384444937149915e-08,3.2498008477051514e-07,2.9720155860763003e-05,0.014404032131017252
8,5.005830343266184e-07,0.09147935513855064,3.1072781695240896e-05,0.03278918412561215,0.00018807900925876036,0.0017167401482792166,4.777430018639308e-06,0.0003462075553270924,0.8492180792550795,0.0242260039731444
2,4.801863416328054e-08,1.4533584926274293e-07,0.9934040570267844,0.006517961381784501,1.9848482724910213e-08,4.989930716698136e-06,8.857636713985456e-09,1.0932330834127053e-08,7.274898823654651e-05,9.679544366071232e-09
1,0.0097882565794364,0.6828673787303088,0.0006814919162830083,0.00012125213906569182,0.038112243673064226,0.000138091734196901,0.2518103620472352,0.003139750414022449,0.012912838925582829,0.00042833384080445913
8,4.185252104681781e-06,0.35771533500732955,0.001283271805907438,0.004361063752066279,0.0008521745638725689,1.8562887844858708e-05,0.000322476791648171,4.255979246240342e-05,0.635178910671282,0.00022145947548195502
4,0.00022539999839522293,5.970872198099415e-06,7.67816251727072e-09,3.926432545140138e-11,0.9961610300220114,1.1780803088040216e-08,0.003602991681998652,3.6966958124603905e-06,6.995246255801841e-07,1.917067284528647e-07
4,0.0016573474635887958,2.011582664793502e-05,7.531950910362404e-07,2.7028094589865535e-08,0.9835672345417649,3.8845768395952746e-08,0.014745300090645829,3.2490043106028705e-06,1.708660901828417e-06,4.22534318620736e-06
4,0.001454804230346287,5.076000899896965e-05,6.219455275139454e-10,6.383625921672978e-10,0.9979922436882965,1.2976721469088688e-07,0.0004861689499151345,4.588767113545269e-07,1.2819375223145029e-05,2.613842985774946e-06
9,2.1665505325578625e-06,9.94084730060364e-08,4.2876746475922637e-10,0.0018015884604115097,1.9486082883725364e-06,1.8569015739950035e-05,3.801256976601877e-05,4.526912129688003e-06,0.00018925681550741708,0.997943831230384
2,8.061046807371797e-06,9.527281987655583e-06,0.9987005154439276,0.0012015441533678604,6.72155461053416e-06,2.1623613259949963e-05,4.2507962580058316e-05,7.79716855777246e-07,5.6795020084255266e-06,3.0397245947395745e-06
7,3.8196441682252483e-07,6.534087070241218e-06,2.2364614029653477e-08,0.0015830630679950193,4.1303448491094685e-06,0.0002031672588789477,9.927583226533377e-05,0.987354853519254,0.0008383641480709626,0.009910207412585545
7,0.0028374294400574,0.0002405715392953907,3.3351484695875546e-06,0.0010175046006631833,0.04237301500219697,0.004601474159526973,0.0005253199617764893,0.9307120962388539,0.0006990131665688141,0.01699024074259133
1,1.0976627953534814e-05,0.9549333284575775,6.320607145466517e-05,6.737084666070796e-06,4.561140415623565e-05,6.489008666415502e-07,2.5309079775922946e-05,1.9905447218734284e-05,0.04489388971365617,3.872126747623408e-07
9,3.471841060658991e-08,1.4370155633664666e-09,1.8228973211631675e-11,0.0003260802044174997,4.4649595813595994e-07,5.343859853571376e-05,4.2283029266352457e-08,3.0273229573222e-07,9.405996639243436e-06,0.9996102475154692
5,7.2301658821892835e-09,9.794750675751016e-12,4.8625140992448976e-11,1.4566360377991363e-06,1.6044242069820306e-09,0.9998513002397009,1.2867138283615666e-11,2.1683561241472874e-08,1.3305442153173568e-09,0.00014721120427856348
0,0.9994890441279223,1.06185339491584e-08,1.0597909446409915e-06,3.204303030932252e-07,7.476907863725456e-06,6.507499903437895e-08,0.0005013553063150927,6.460724556540014e-07,3.940749151676603e-09,1.7729913238818246e-08
5,2.03531554609019e-05,0.00037264369826563534,9.765460610082237e-06,3.793531972140012e-05,1.0057186884119305e-05,0.7274273779428229,6.830582580992785e-05,0.2657164597696264,0.004633031385017317,0.0017040702557813174
0,0.9996924531668415,1.0947803298270022e-07,2.065501726883652e-05,0.0002027267518259113,1.0489802763171249e-05,5.368932534307818e-05,8.16405219756684e-06,1.2771323018296376e-06,1.4626542696472071e-07,1.0289007997996995e-05
2,1.2347893110281328e-09,1.558447164802373e-07,0.9998249355988232,0.00015032321573523792,9.95569189322773e-09,9.690270289046366e-07,1.43994531622497e-07,5.324497274708905e-11,2.345781047777082e-05,3.2649606737453354e-09
7,8.326489300153127e-08,7.93130398214483e-06,4.3329920144130636e-09,4.5083079296787825e-06,0.00030381593604955333,3.293515081324415e-07,2.1878690774734366e-06,0.9992516120625156,0.0004064444245370504,2.308314651522714e-05
1,2.8442920767587845e-06,0.9986254072983755,5.580440103875549e-06,6.028982472803672e-07,4.030756159334049e-06,6.439486465931257e-07,4.558007811790051e-06,3.496553538606473e-08,0.0013562510470145,4.634602901442873e-08
8,4.3082366657726015e-07,0.00015861675387492577,1.7382247464633194e-07,2.813768477531149e-06,0.0003813282081214749,4.644858031525333e-06,1.439952289655196e-06,2.0015393554228585e-07,0.9982020769088221,0.0012482747503059998
5,0.013131963419114712,0.006378156871279976,5.587856399787459e-05,0.0003473603893479566,0.009123531186792539,0.9629192415284047,0.0013238733119249016,0.002505312773382584,0.0009696363036134059,0.003245045652141125
7,1.845232148306093e-06,2.6278604022006008e-05,3.581715046603649e-08,0.0008006979923880898,0.0003245584082432253,8.985311669570175e-06,0.00015880151147765884,0.9946617236214275,2.2846433671768802e-05,0.003994227067801394
2,0.0020821833841406985,2.1796575531508304e-07,0.9968719550480222,0.0009860138828498733,2.9427666376740248e-05,8.115210129526598e-09,2.923622355479591e-05,4.479190613899905e-07,4.933644226339249e-07,1.6430606456517718e-08
5,0.0048695007175553915,0.00014060211178463722,0.00020485023670679318,0.21336031802752076,0.0005847495250630687,0.03545051738092026,0.010799448740287355,0.004685048993753956,0.005634250200534682,0.7242707140658732
2,1.612487000305195e-10,1.7673925018674973e-07,0.9997896135957313,2.0403685778662394e-05,5.7889123160685715e-09,1.795404903228698e-06,3.6825116753168615e-09,8.934755150970907e-10,0.0001879861201602061,1.3928028124143271e-08
1,2.190377704474507e-07,0.9995752313674741,4.0204202546678105e-09,9.052414156547015e-06,0.00032220746579230466,2.8195025330978395e-08,9.495148014423316e-07,2.6363556776289352e-08,2.0628905118815722e-05,7.165271588411995e-05
9,6.419107796192714e-07,2.8318169641634982e-08,2.1939486287132903e-10,0.0005159147156208838,4.311496653740408e-05,4.180619268673115e-05,1.677431206379087e-05,1.1392529075955512e-05,0.0005505138241115138,0.9988198130115596
1,6.975032995600027e-05,0.8185682646307869,0.11953414519956185,0.00013482675369305133,4.181330796581213e-06,7.36938401106177e-05,0.00040224132400294157,2.9641545805531395e-06,0.061207960398090865,1.9720384206312724e-06
6,9.05473001914357e-05,0.00010033780560292019,4.047179199971021e-07,4.111453160990617e-08,0.004193829527806334,3.1101118352701065e-08,0.9954968515627789,8.46569846617819e-05,8.437366811633747e-07,3.2456148707640435e-05
9,8.618250558607007e-06,0.0007860705414384212,2.673050786974999e-10,2.7386073738058403e-05,0.04789843313077607,0.0012858897090211746,1.4232476529888178e-05,0.0046606628605082735,0.00030615951693156816,0.9450125471731928
2,5.584798370820683e-07,3.5913520610519694e-05,0.988777225469264,0.0027777695325194233,2.9120367556862617e-06,1.7484737312492216e-05,1.0338452188235344e-05,1.0881133965523793e-07,0.008372639430406682,5.049529765935795e-06
7,5.869155965082661e-09,3.02503714287219e-06,1.7368848865824395e-11,5.180889290911386e-07,6.698691141804463e-06,2.0513016263876047e-08,2.115404627882742e-06,0.9998764356753028,9.683479405881614e-05,1.4345909255293432e-05
3,9.107567177734111e-08,2.8733192735993933e-09,3.23343825255471e-07,0.9999330616810295,1.2602949389248101e-07,7.250823539720385e-07,1.6492491443195425e-08,4.024625735877574e-08,2.4167190034822447e-06,6.319645655403404e-05
4,5.9597504973817954e-06,2.1861926137504977e-05,1.5842217201947697e-10,1.1335727595103957e-07,0.9996088846260206,3.519024843622051e-13,0.0003630387698136364,1.1503284569775123e-07,9.946967906956663e-09,1.6431667163020194e-08
9,1.5890787715620209e-06,4.5331091799658876e-07,1.2792584406750276e-09,0.00045376097920769496,0.0002886840256687458,5.597499579224793e-05,7.61926630924854e-05,8.940693900210124e-05,0.002223090288731756,0.9968108464395569
8,1.2248407094996842e-10,1.5752986542749416e-07,8.911171392308267e-10,3.4390850733749885e-07,3.0037400786838613e-05,9.690756587981854e-06,7.495444064837486e-08,1.4603597357549932e-08,0.9988754342770935,0.0010842455555196704
3,2.5425075254862774e-05,2.5229886069883842e-05,0.00028723645934538536,0.914267458976412,0.00035139738143638084,8.437117083320943e-05,0.0001471790651286813,1.7359519518936884e-05,0.02606025195701095,0.058734090508990124
9,0.010407999690255491,1.995603203158864e-05,0.000907977488339955,0.8352809394976658,0.0015547306154099158,0.011140888268040985,0.00012182534230906093,2.406841668656355e-05,0.011286840995434037,0.12925477365382668
9,1.294773808501905e-07,4.2415087990537406e-08,5.349445159176882e-11,7.871552680763805e-05,2.0472845661493922e-05,6.196771769951107e-05,1.7603373441290637e-06,2.6003014229370253e-06,0.0009688615568750683,0.9988654497682259
1,1.197692260572188e-07,0.9991343466866995,1.2890797599384074e-08,5.546604161943835e-05,0.0005505211381717697,3.5336030538674815e-06,7.501607949545035e-07,2.4711802696224494e-06,0.0001250442172412964,0.00012773431212595004
0,0.9996475237297623,2.1329209345332123e-07,0.00011370433100447888,4.028401505600597e-05,9.460099683824197e-05,9.889550534274809e-08,8.338573498776663e-05,1.7634434887993856e-05,2.2051858848041025e-06,3.4938397969401724e-07
4,5.9643421368496123e-05,0.0010424943261766828,1.2730429469282507e-08,1.2950210576855352e-08,0.9970893807304928,2.886441955861963e-08,0.0018049035949931843,4.420252829656926e-07,1.4449247072272148e-06,1.6364319190191054e-06
9,0.00014741545715327983,0.06137633616770724,0.006453416595855451,0.011517745929936755,1.316303767100322e-05,0.8721267485167401,8.620603892361412e-05,0.016653572765941656,0.023432993556763808,0.008192401933307157
4,2.1789676822331576e-05,1.0275558538927034e-05,1.1413537071378022e-09,9.979226469432368e-10,0.9942365600653614,6.55236039002594e-09,0.005728828840822078,5.777176880055361e-07,8.771184029263129e-08,1.8717372902168512e-06
7,4.00438784808835e-08,2.4926566270576415e-07,2.7269294953586463e-11,9.002911566350385e-07,3.217496001617177e-06,4.6740661897595735e-08,7.180899152616598e-06,0.999959220417658,2.62362833847368e-05,2.908535174190663e-06
5,5.6960255555686304e-08,7.889981508445229e-06,3.045651056917701e-06,0.00434496380063973,1.193492294183866e-09,0.9949008722218659,2.4056937752916236e-08,0.0005352791885890495,3.5860167722104094e-05,0.0001720067779319589
0,0.9987099342368586,5.245973435902634e-06,2.8542815923431987e-05,1.8829652574209692e-05,0.0008102522604928219,2.522250741195179e-05,0.00037600293668034034,8.408177930732295e-06,3.0708667116794227e-06,1.4490571980283006e-05
7,0.0004629936661380651,0.004641367369781093,2.2352317957470627e-05,0.011064505383998006,0.0013291805615390357,0.012074530383542005,0.005777990438931272,0.8111112303964184,0.0047891887895587845,0.14872666069213594
1,0.00044826544154851936,0.7683656546878807,2.006143416767867e-05,0.00015857343658454978,0.004726333123404704,0.00012767674260962978,0.00554609035809029,0.037865788545595205,0.18194369776827315,0.0007978584618456418
1,3.584722602251646e-06,0.9608577068283257,5.044734991117448e-06,0.00028972782339011866,0.0015574762452078077,0.00021693825046296156,1.1017038883933279e-05,5.79554632400728e-06,0.03597129848879852,0.001081410321013547
9,1.7159970861137803e-08,8.309816360856773e-10,1.509791083692545e-09,0.009308304138476145,1.6217660178632556e-07,0.027621435363348414,4.687316163590385e-09,2.0873169198295154e-07,9.47250476726731e-06,0.9630603928970548
1,1.383868781625834e-07,0.9750722018709866,5.801880651519548e-11,6.202187549973409e-05,0.002925362183376152,1.5101428474861013e-07,2.3332543259369175e-06,0.0003361720044336912,0.0005307055025083211,0.021070913849687463
4,0.0002685503882979788,1.0479177267955158e-07,8.283996846227938e-08,3.0869242211104585e-10,0.9978241855033537,1.2361120294356946e-09,0.0019047820883417803,2.2840027358085797e-06,3.969649030652269e-09,4.871075934791132e-09
3,1.0637164294448681e-16,9.56532461058384e-15,1.0633519490722174e-12,0.9999978751051574,1.7929547941180063e-11,7.755011478028247e-10,3.225332151892518e-13,1.3177594789556364e-11,2.915113322127862e-09,2.121171725367169e-06
6,0.008149237527501537,0.00029861435210456425,6.291952278626179e-05,5.707097901492241e-06,0.03820921075705845,9.048624547549333e-06,0.9512458405102381,0.0009881202040634071,4.7568781664389956e-05,0.0009837326221345242
4,0.001311944664972187,4.754688197354132e-05,1.3745521567145e-09,5.026572700309563e-10,0.9873997248903965,3.900322673244321e-07,0.01120346941396764,1.429818071064513e-05,6.347792950682157e-06,1.627626555198373e-05
7,6.691830048242091e-06,1.497496665034962e-05,6.730957982651009e-08,0.0038036197789288006,2.6761837943126636e-05,4.399254429944026e-05,0.0003506543000418125,0.9889707174520733,0.00019142697174191352,0.006591093008693097
5,5.404563877831984e-06,5.466176431191681e-05,3.883238787910952e-08,2.0729742393205122e-05,3.0376998058918975e-06,0.9995333278399373,7.374919457348103e-08,6.512918818686249e-05,9.542868014234337e-07,0.0003166423331031498
4,0.00010587226625197986,2.7453272946048148e-05,2.5913310994916412e-11,5.000890528298836e-10,0.998935247952719,5.396963912438017e-09,0.0009181448042613491,2.872853066342903e-06,3.1881111285315074e-06,7.214816660346369e-06
4,2.1535111418746543e-05,0.036657153908484896,1.2797922822217769e-07,4.2279784249265016e-05,0.477139917336334,0.0005366329660842836,0.0006973837945562329,0.010345641353481195,0.431612980767593,0.04294634699857031
5,4.0778300130947487e-07,8.229490632217141e-05,1.458947887860874e-05,0.00012806047455174818,3.673051362555169e-07,0.9819502730946991,5.279964307789584e-07,0.010739493140853639,0.003968324140649238,0.003115661679477261
2,0.003959135817729521,8.99509212403073e-05,0.9819445943794897,0.012350116446934633,0.0004422248682040864,0.0002673351149631064,0.0004688815996967646,3.226749644541224e-05,0.00033408515867237913,0.00011140819662397502
1,1.004294236866723e-08,0.9999802082267064,5.245333725227646e-08,6.333501821491273e-06,2.692393005692868e-06,1.8760029727595914e-11,1.24035497682979e-07,4.153993317169552e-10,1.0556620009162816e-05,2.2292520429428984e-08
5,2.525577481542731e-07,1.1694735477299454e-08,3.670615573972995e-06,0.005722110883882078,1.0898016687177082e-07,0.9927285289334276,5.458664501016311e-09,5.750006352764727e-07,4.606629599395058e-05,0.0014986695791721154
0,0.9996438431296083,1.6494907157910645e-09,0.00016244353727632566,0.00010245294919707843,2.595425232337437e-05,1.9792144194047295e-10,6.494726000711595e-05,2.923745751361862e-07,4.960703685827146e-08,1.5042563776012498e-08
4,0.3329401819611364,2.0935476659141463e-06,2.873356969341169e-06,1.1703432028004176e-07,0.6242647836151705,8.503157087825546e-07,0.0426606286059198,0.00012655702123844692,1.5169194469127365e-06,3.9762242366778297e-07
0,0.9998552170931493,7.470094066546831e-09,4.95735278792186e-05,8.222836570954744e-05,1.0137695345172293e-05,6.895408405759154e-08,2.398736506989915e-06,1.218012592158025e-07,1.1000522051752709e-07,1.3635075196680994e-07
3,1.898891676742089e-11,2.03148902260515e-10,5.563980795879347e-11,0.9999082879368283,9.856132348059576e-10,4.250271044915621e-07,1.120428101615353e-10,5.492591958937778e-09,1.2531389019310377e-07,9.115485415131022e-05
5,9.127160324763054e-07,5.276016039761821e-05,7.226941777328083e-07,1.979775573588683e-05,6.95653814898036e-06,0.999460510645415,8.790095177410474e-07,5.257528722291988e-05,0.00021216351449074734,0.00019272167886114216
2,4.6832886174878285e-07,8.436705245377951e-08,0.9999562187177637,4.08274916986833e-05,7.734221423244674e-07,8.310457582487946e-07,3.377139426639594e-07,3.1616717335791104e-09,4.414328513028282e-07,1.4318257202260406e-08
0,0.9999218700250897,4.23982902120271e-08,2.779360186023907e-05,4.276296192239371e-05,1.0091555620261654e-06,4.051783605020285e-06,2.1491633585888983e-06,5.432295038864331e-08,6.481291875425971e-09,2.601060694220115e-07
3,1.3509744579288079e-06,9.078537918058167e-06,2.231682839996579e-05,0.9920494268600074,1.7179640054627466e-05,0.0011737660280576505,6.1271611153779445e-06,4.548295152224339e-05,0.0026792079769158914,0.003996063041550796
3,1.622874686356907e-08,1.1860225946784235e-07,6.705925911248874e-09,0.9876877542400022,1.6921547614131458e-06,9.3423672150733e-05,4.0694621917752373e-07,0.0008402785978660636,1.7912646823740526e-06,0.011374511587386017
8,0.008311588423387752,0.17621777920008974,3.69516632737949e-05,7.381253088906649e-05,0.03420636464280468,0.2284576078526391,0.02230850733967131,0.3922071622037865,0.0972550263544891,0.04092519978896885
3,7.057526997659123e-10,0.0003864925656265551,2.232913803817998e-06,0.8110613585945212,2.121145544508668e-05,1.1916350872034846e-05,6.468285229071467e-08,1.3296290005574869e-05,0.18813973084990165,0.0003636955912188911
0,0.9996846204023497,6.593033724179883e-07,2.022857765379774e-05,0.0001250210487268199,9.563315617245103e-05,2.5487213073563034e-05,1.9173264341422575e-05,1.2037525469545234e-07,5.627162255652751e-06,2.342949679937692e-05
8,0.00339404805498474,0.11005222183502572,0.011371973207191204,0.06302405390305828,0.04723684933638691,0.0013982110330909901,0.012743030018395156,0.003764985915674249,0.7363842922896842,0.010630334406508504
8,1.356395677985168e-07,8.70913293927953e-06,1.8122167935256768e-07,0.0022630993435531505,6.8378529306332346e-06,2.1201703558182944e-05,3.003063597191528e-06,3.2604103783227796e-06,0.9949505419925769,0.0027430296392191296
2,8.676692756272551e-09,1.9893089186214814e-07,0.9274412565650813,0.07244259849817057,5.7505476537215556e-08,1.0647454163474715e-06,6.124651457516392e-09,2.869720632995738e-08,0.00011477142266811787,8.833744612036912e-09
0,0.995444062154442,5.012473915919545e-08,1.3183281987716808e-06,1.2681382098653218e-08,0.004514330864928362,1.1525192809968974e-10,3.93764936855263e-05,1.2307151428079784e-07,7.232965531053355e-07,2.869304683573429e-09
4,7.335501331357492e-07,0.0011782918025788943,5.573867347459199e-10,4.318398948443328e-08,0.9980631777174145,1.8513241591000063e-08,0.0007525042772583072,2.2540902295873345e-06,3.761337556788996e-07,2.600174012219766e-06
2,4.8968059777180625e-11,6.0995463769442e-10,0.9999997767705479,1.9719541325845188e-07,1.805401012531701e-11,2.2183623887719352e-08,2.1109494837536912e-09,6.194348749817281e-13,1.06008105063747e-09,1.7880363809868346e-12
3,9.526916355119241e-09,1.1915829076509274e-08,4.2690406837809186e-08,0.99995408588631,2.151334647966768e-08,2.489712662897543e-06,3.9790663524198954e-09,7.980212579802246e-06,2.1295567723974715e-09,3.5352433325615065e-05
6,0.002173112159307797,0.00040295902347736837,1.007901724477145e-05,3.131042544906395e-06,0.012566719887366028,5.533089113034773e-07,0.9833236640828251,0.00046329367962716876,8.354206525896655e-06,0.001048133592169539
5,2.6836065575317576e-08,1.5852449618451735e-06,5.728070218128422e-07,8.781245595145096e-06,1.8495633773991272e-09,0.9999650602159844,3.235929966130245e-09,1.7370804268584882e-06,5.654813390594645e-06,1.6576671060364143e-05
9,0.0001498489940650552,1.0818535833191847e-05,6.304264716491375e-07,0.001365839170132438,0.0005816960672865459,0.0045231802978503875,0.00026250401251096806,0.0004350187282464978,0.0034871433391654074,0.9891833204284378
6,7.587292403081436e-05,1.818450675969353e-06,3.924361376953159e-07,4.0117965053617974e-08,0.0009222897782259728,3.659383041099173e-08,0.9989799993432655,1.1818302577906044e-05,1.1354615910938592e-07,7.618507131361983e-06
3,7.673837173237143e-09,0.002548464659598907,5.030767407146738e-05,0.9707737168229866,2.0152513471234133e-06,0.00031434247955393433,5.489919175582111e-09,6.872277906721826e-08,0.02630297194753714,8.099278369252824e-06
0,0.987470505973632,0.00015961480945176192,0.002549839237674947,0.003139932167351875,0.001467611578811989,0.0007081353694377808,0.003543904809383208,7.396274833257083e-05,0.00012620407738161453,0.0007602892285420727
0,0.9999609740852293,3.869969420887194e-09,1.3891928599602762e-06,1.8139678845341383e-05,5.297336773829371e-07,5.594799069016218e-07,1.804046027097884e-05,1.1124847805883675e-07,9.9291014454689e-09,2.423216611568743e-07
6,0.04239584520112249,0.001096211478796007,0.0018509446537705247,0.00025654191696099574,0.08318690641072417,0.0026121779551630496,0.839182168527879,0.0037834653292948667,0.014173007739912995,0.011462730786375837
4,0.0776855229287516,0.0007523351893186862,9.478878910556711e-08,5.202553115307247e-06,0.9189594941435274,2.6945612131382397e-05,0.0024099659882370634,7.407840732691679e-05,2.0811079687140056e-05,6.554930911549343e-05
6,0.009432641327270485,4.923318010851706e-05,9.504618782881504e-06,3.677615969832943e-08,0.008499428100382683,1.1052107677669585e-06,0.9819540245205619,5.204731437978604e-05,3.716483898441071e-07,1.6073031963359163e-06
4,0.001786691612177785,0.08771551760573935,5.190546264221753e-07,1.4564930777056017e-06,0.8965526316066936,3.984282666915954e-05,0.013588994796534129,2.200281738022406e-05,0.0001352080689111395,0.00015713511819055446
4,0.00034763638073799464,2.5698069493483874e-05,1.8895397131973417e-07,6.047883639815356e-08,0.9944593284106011,8.731918618584633e-09,0.005164062271861551,7.454214196299861e-07,3.8650253389822736e-07,1.884778625900673e-06
9,1.7265566239886273e-07,0.0433294849334487,1.5174115609317302e-09,0.0004146347821324979,0.006815953110298101,1.4808213998161706e-05,4.592850944969242e-05,0.043946384605069985,0.004370093437816383,0.9010625382347125
2,3.305905303649189e-09,8.899449434997494e-08,0.993295019721107,0.006340838658788974,4.779740762729386e-07,6.749755199679958e-07,4.1281692838714365e-07,1.4753481322188477e-07,0.0003619666587028045,3.6935966355267265e-07
6,2.6387284097598824e-06,6.361660432172917e-07,5.960018514684299e-10,1.9991841366181427e-09,0.00011833104732456192,1.1429616954448262e-10,0.9998658449226233,1.2482894396514502e-05,1.3687422103435605e-09,6.21629781482885e-08
3,3.1627420390765675e-06,4.838838339715346e-07,1.7299767353299448e-05,0.999080000047105,7.256258721451796e-07,0.00025540939347610793,2.694203114240117e-06,8.227159451471463e-07,2.477613453835653e-05,0.0006146254867225396
1,6.894018873042494e-05,0.9933708472167668,0.00020752572805672793,4.453418656213101e-06,0.00046810807069067457,3.2783154710985704e-06,0.0017736669177953598,1.4419360686853864e-05,0.004087424497926605,1.3362852192209795e-06
2,1.0591195734832466e-06,2.7638385406940214e-05,0.9988872343823998,0.001048565223937122,5.108043475760307e-07,7.173606940414107e-06,6.492354540356969e-06,8.129060031387114e-07,2.0101890264311052e-05,4.113265866217936e-07
7,1.749710221010362e-05,0.000281537814651636,2.22516361181192e-10,0.00015451420453597498,0.0038883273350175085,3.1573566089824584e-05,0.00017550375287598275,0.9809008281102652,2.5278893258731544e-05,0.01452493899857832
4,9.906713309325515e-05,5.872909512717607e-05,2.857709091029409e-08,4.002777685407208e-08,0.9976558426488349,3.942968918880909e-08,0.0021785152461984507,1.2159806532126414e-06,1.0923123064420583e-06,5.429549229317261e-06
8,1.802482584369527e-08,8.936710880382148e-06,3.1495719322252995e-06,2.473370805504134e-07,6.284099946761794e-05,9.379433075203629e-05,2.5075919318737814e-06,5.394076983709802e-08,0.9997662111300669,6.224036229270766e-05
3,2.8123798108275673e-09,1.4923185346886095e-10,7.212941620403944e-06,0.9999925822314956,1.3291019002932957e-08,6.780218897240517e-08,5.27512229181529e-10,1.9738998091397406e-09,1.3214285692536417e-08,1.0505636664178237e-07
9,2.917722150362165e-05,0.007521763870087451,2.9422701231120168e-08,0.0003356352408709782,0.007103029157964189,0.030377682971379178,0.00010300372685584324,0.012242290979396253,0.022164509445059752,0.9201228779641816
1,7.491764407230978e-08,0.7439679454323804,0.0004090548323451881,9.52051065759833e-06,4.0719601909206985e-06,4.0624305765569625e-06,4.2039982115648327e-07,6.136885383036227e-06,0.2555984346965362,2.7793446491687684e-07
3,5.084443383002055e-05,7.221712988526782e-07,0.000253792087049142,0.9977081736856206,1.0373519101560921e-05,0.0007558615074102483,1.9379242445912805e-05,1.1805640396433109e-05,1.4576393278049795e-06,0.0011875900735192728
6,6.835577267818513e-05,4.645324795801935e-07,6.80241626660011e-07,2.613614821188656e-07,0.0015454112937921633,2.0461768258646212e-08,0.9983596340932942,4.038335734578336e-06,3.7143003074435036e-07,2.0762477113354723e-05
