target,prediction_0,prediction_1,prediction_2,prediction_3,prediction_4,prediction_5,prediction_6,prediction_7,prediction_8,prediction_9
3,0.003731524540568044,0.059060035359668,0.07728498305219518,0.5699193894705988,0.00462582120884645,0.06232022955356317,0.006481601707254068,0.023629771766339187,0.057883694040931674,0.1350629493000354
5,0.1805912631636355,0.029556404825691256,0.07320336168553634,0.015170155627696066,0.10047748351898182,0.4209542462858036,0.10582660310412938,0.040312122626932005,0.023160537105270274,0.010747822056323662
9,0.011111111111111112,0.036111111111111115,0.00784313725490196,0.013888888888888888,0.02173678532901834,0.07804111936036551,0.0,0.05040453074433657,0.0726267529665588,0.7082365632337076
8,0.005249342260141852,0.11134698707974398,0.06776046238269669,0.05614351709030138,0.05061854856139431,0.09876219069110984,0.008414010002047459,0.3302734316493546,0.19629593446248345,0.07513557582072639
3,0.0055160185305489695,0.11172907159954747,0.16267516155694156,0.3794538823738606,0.024699359729826155,0.03193964533237602,0.010535328218605271,0.040538122708333145,0.16146731779799656,0.07144609215196428
7,0.016498474507704242,0.11883976375572214,0.1740657304734881,0.04797321268028322,0.14889425226332878,0.018651462032477154,0.0444797536091242,0.2185719060717758,0.1651285923851978,0.046896852220898476
3,0.0032882338066253488,0.06236151760362521,0.050807427652750904,0.6092234259378491,0.015977373038019358,0.031045640931491512,0.004521500951896948,0.006964941060594064,0.06392522603698844,0.15188471298015924
3,0.009725906277630416,0.01918656056587091,0.07268137186467495,0.4992182046628508,0.016091954022988506,0.020689655172413793,0.0,0.21128251663641864,0.03757736516357206,0.11354646563358
7,0.016309666387890817,0.05372418283228309,0.01569564860891793,0.013569189171052501,0.3213012392973783,0.0439732716573638,0.013435083448546992,0.4690023483177329,0.032948850013702076,0.020040520265131666
1,0.005630390891479846,0.35129313502856696,0.1260798469670919,0.060886078634493024,0.06491459382872776,0.11863533472497725,0.02800919904308424,0.12300434337091559,0.10376757208589354,0.017779505424769852
0,0.9808027935042434,0.0006285355122564425,0.0013537855530790473,0.0006363677304777065,0.006137520745623124,0.0047779236823817135,0.001984669837142614,0.0011351052048726468,0.0011414127539235931,0.0014018854759997989
7,0.003740307062562042,0.01966015221278416,0.020854690082091072,0.033102447692900605,0.05317656351039281,0.022649709916145063,0.0028585421907323513,0.7809211188997272,0.03578106820353629,0.027255400229128642
3,0.0027216300979368236,0.051826607799839206,0.08359493539681517,0.6138086884230449,0.007353929849124039,0.041350236856246725,0.003058429899212117,0.010605253591822707,0.0708014694039463,0.114878818682012
7,0.004397769258485776,0.020509296188863116,0.02053876231647291,0.022711348199456416,0.06566731424855791,0.03237290392747741,0.0034869987015418028,0.745428799962756,0.04127832269993814,0.0436084844964506
6,0.007686265861474503,0.02678763081472674,0.020612801047503036,0.008772787974286949,0.053224630829085795,0.029209790353158124,0.8166428210474601,0.008576256344760117,0.018954106986584243,0.009532908740960536
6,0.0034601114786843973,0.10069434748683337,0.11771219435302809,0.022549949968042715,0.01776493255907648,0.0764201532245466,0.5747010759655644,0.007205650805112776,0.06556795622155615,0.013923627937555083
2,0.001839722001831907,0.11440458986235416,0.5362069176755516,0.029635886213793993,0.010607067113652278,0.051221026093316795,0.08640962525372865,0.02139664655539869,0.13938499802693002,0.008893521203441876
0,0.9867164631519842,0.001223207271911121,0.0010099910015099833,0.000595256613530279,0.0032623534496589598,0.0031387253798721517,0.002528835143670518,0.00042363371114353043,0.0009682720165911681,0.00013326226012793177
0,0.9808027935042434,0.0006285355122564425,0.0013537855530790473,0.0006363677304777065,0.006137520745623124,0.0047779236823817135,0.001984669837142614,0.0011351052048726468,0.0011414127539235931,0.0014018854759997989
9,0.013181173230437491,0.03819465352431233,0.017582942963581514,0.0861893582485319,0.010621285771659727,0.08676998996301592,0.005295925690765653,0.008974195326615479,0.03119566332257778,0.7019948119585021
9,0.018745187422888453,0.05306793317256306,0.029502062299380512,0.16563663944348375,0.007029628828260196,0.019965946564046214,0.0012677240631478435,0.007033959721897437,0.01848968011010313,0.6792612383742294
2,0.0016955006683094947,0.12469742998310851,0.5077487097439426,0.06577183865971677,0.01641076267621,0.07140123164176373,0.08227989180488758,0.01566323850862508,0.09491441766190811,0.01941697865152822
4,0.03333333333333333,0.05085470085470085,0.0,0.017094017094017092,0.7694444444444444,0.030555555555555555,0.011111111111111112,0.008333333333333333,0.011111111111111112,0.06816239316239316
5,0.0033535820918214514,0.08509328361247674,0.057739800020654736,0.03222805710518305,0.034534925101586754,0.5660817107629058,0.030779712506889132,0.04661704873074738,0.11893709153620484,0.02463478853153007
0,0.9864119789438185,0.00011849745230477545,0.0013527856786929688,0.00044002284945025724,0.0016389017261546372,0.0024327268121249607,0.0044246468358643785,0.00011849745230477545,0.0025179892842830194,0.0005439529650019371
1,0.0024097899655471638,0.2622355995585426,0.17338429840748412,0.09401087618713055,0.08894952680749031,0.09520209294351674,0.022395349377211837,0.1339393834453509,0.11246293167202889,0.015010151635696764
1,0.006788269394839745,0.31648775064686535,0.197071606853787,0.08292974113696354,0.05115007483047224,0.024211067419582222,0.027172414030378688,0.06653578784228661,0.18928942985539865,0.03836385798942592
8,0.011315656705290956,0.1970120105485756,0.17915488818063768,0.0666217556493053,0.0592295620016965,0.04998248909768525,0.039058174255104994,0.046497201081480415,0.2636761980256972,0.08745206445452616
9,0.058558558558558564,0.0045045045045045045,0.00784313725490196,0.0,0.016181229773462782,0.06137445269369884,0.23423423423423426,0.042071197411003236,0.06008921542902126,0.5151434701406146
9,0.016321576841847037,0.17970619696173123,0.02717786290566251,0.07772511540742416,0.050288956298498506,0.042877740485628084,0.01288487996537696,0.03040537042818115,0.07529966852824699,0.48731263217740384
5,0.007751937984496124,0.3232229606491566,0.10361355451125302,0.16227112112158504,0.00516795865633075,0.2929134701637413,0.0,0.015503875968992248,0.06882973234340868,0.02072538860103627
5,0.00230199113503474,0.11519128492584745,0.08317225130649754,0.12658360080030848,0.021884693116336017,0.3894436439235704,0.11230828657991855,0.013126864337838407,0.050377929842258876,0.0856094540323893
3,0.0008986634602398151,0.12504556099695327,0.12799242514463915,0.39316281000337383,0.014255200309860579,0.1693510143142725,0.029153642418348807,0.01713532912959106,0.04878510659759159,0.07422024762512952
7,0.008977280961647762,0.05868937337734303,0.05212593011915265,0.026960669032290056,0.050911895571973766,0.026003329955446998,0.019042683421089637,0.6255341879562447,0.07693096198075644,0.05482368762405494
8,0.018450149863859056,0.11851386999137879,0.1429569280116871,0.10498941192689058,0.07125183289445648,0.0404573294949748,0.09133363511639946,0.04462374734169885,0.26057109876458734,0.10685199659406762
2,0.010184626062372335,0.19998655190068473,0.21590278699739132,0.08744376636543943,0.06538426689111297,0.03638330820056651,0.046320440606406,0.07757703974257717,0.21679055684547194,0.04402665638797751
7,0.004597701149425287,0.011494252873563218,0.004597701149425287,0.027126436781609198,0.016091954022988506,0.029578544061302683,0.0,0.8380076628352491,0.043218390804597696,0.02528735632183908
5,0.09209208396282738,0.04528083759527264,0.0567784655281691,0.012941091494192163,0.10843626321653237,0.5006025758750585,0.045964302475982474,0.038765676138792345,0.08564923890539079,0.013489464807782185
5,0.015708812260536397,0.04760536398467433,0.004597701149425287,0.027681992337164747,0.03782873935200684,0.04382881374846557,0.0,0.25730108246847455,0.10251181043782316,0.46293568426142917
1,0.006948158455004694,0.31286332862638244,0.10960224340411884,0.06375845139036336,0.0802344333196164,0.05142237916313865,0.05586960036490213,0.040012250406956155,0.19142285005254905,0.08786630481696814
0,0.8359888258826212,0.01365303673422522,0.010813912570137434,0.007379517129134078,0.04199256424810003,0.0160700089374059,0.05647056524550644,0.0063937829648748725,0.008151755403456622,0.0030860308845383467
6,0.0070221447408748755,0.03302889538858794,0.024292416832835596,0.01079604582963753,0.03214256196737209,0.02548651286717472,0.8275509943143169,0.004238125594956918,0.0265518258215123,0.008890476642731014
6,0.005214879510442088,0.036990021407948416,0.018576295946366714,0.004023861351956521,0.05683679479869367,0.03924454886054778,0.8135036889092462,0.001747253289462194,0.015171148125031678,0.008691507800304556
4,0.006037096421077428,0.12125108599812197,0.04892156846848384,0.011703438276821368,0.22864708569944847,0.046851450788032184,0.017834384286316028,0.30449151542566766,0.12765588812568085,0.08660648651035013
0,0.6797400924201074,0.02597248946601612,0.02734962772174886,0.014449868344403028,0.07006071325556049,0.013427674715581591,0.06335099154461662,0.018434777711564675,0.06815781701713174,0.019055947803269458
3,0.004211537864215929,0.07479036002516817,0.048618796809072794,0.475050820452049,0.01912838553184502,0.09581015237768131,0.007464478986618028,0.00822295222732857,0.07515447321700203,0.1915480425090192
1,0.009409444276468684,0.2634113051555059,0.027489697750394598,0.14595280595199175,0.07180966317827017,0.11150978931286404,0.02144476824706796,0.027648597257280423,0.09680389521841895,0.22452003365173742
3,0.008373980752163482,0.08985049077097715,0.06134256048205447,0.329026850313711,0.018685555288186554,0.15715658778236632,0.012552484656804364,0.01536295690409504,0.09794070889354706,0.20970782415609465
6,0.058558558558558564,0.010620712455574841,0.012232415902140673,0.0,0.0,0.0061162079510703364,0.8764360690966195,0.0,0.018018018018018018,0.018018018018018018
0,0.8381087517618185,0.0065748484102949615,0.009955159150235945,0.02100624277983486,0.005243992681320556,0.024416263160632473,0.006632237703066032,0.014554130196170311,0.026750361509925945,0.04675801264670043
4,0.016450503891604937,0.11521732071732692,0.033707126428034896,0.02333657427409781,0.6236116440957412,0.02545747302873844,0.030433712134845112,0.04088665689022501,0.061050904379910974,0.029848084159474573
6,0.0033835579777927467,0.05734098241809289,0.06279069293658883,0.014386318672909246,0.023942383880517382,0.04428263898784894,0.7020425587711555,0.007770889384228936,0.06828090654664387,0.015779070424221404
6,0.003483940174188914,0.035558787931874655,0.02253987908718834,0.014914579484679974,0.02608049525655413,0.028127887481089003,0.8187259984237014,0.005809023595814218,0.030279505020807146,0.01447990354410217
7,0.007720356349511906,0.026832216694530064,0.041260421370076794,0.0356241998244337,0.047910288776748036,0.02284475091581788,0.002113109865926267,0.7227314089498632,0.05465160813376353,0.03831163911932885
1,0.014915415299553881,0.21127462459097876,0.05956178091233057,0.01416970085184134,0.245447326573187,0.10682060818327721,0.04137352657799494,0.0944584220648283,0.15154958453039807,0.06042901041560995
0,0.9888888888888889,0.0,0.0,0.0,0.007407407407407408,0.0,0.003703703703703704,0.0,0.0,0.0
8,0.011041117841994802,0.2212413215974651,0.1962369651862745,0.09347894410282391,0.07034723958828495,0.010170036634057014,0.057472009212443755,0.032652226324004024,0.26350641461802526,0.04385372489462665
6,0.014147117322754782,0.0428489706591571,0.01661467626907718,0.0057530437580976,0.06983012620064032,0.03987676101409216,0.7743222629516952,0.005752249457752257,0.022764997988481837,0.008089794378251773
1,0.00933750252917192,0.36364781957804165,0.15783973650764965,0.042298807718373216,0.06387088791613395,0.03575958173036224,0.03313483207484074,0.06468637213815025,0.1858106532859627,0.04361380652131381
9,0.005028908177829893,0.10371419495199644,0.07564862657917266,0.02860433520705048,0.05548971671478954,0.11004616638992183,0.006324817619012944,0.3829236441999586,0.1318463911155033,0.10037319904476417
1,0.005865823172376558,0.3672510303150232,0.10628395152526794,0.05747829010172971,0.07656021599233331,0.034929722251622566,0.052527143455372224,0.036484036807705185,0.18575976014815038,0.07686002623041878
4,0.016679099427420286,0.17959271853954506,0.029489042015028905,0.0194401955811731,0.5150519354075233,0.026083994245357314,0.03342497239516743,0.0704395369106356,0.07845550880399928,0.03134299667414975
2,0.0032371978663497288,0.10841813419522704,0.6074353853223201,0.035439533815944384,0.011274011357594899,0.04132351516424299,0.05843585474168362,0.026758301735972947,0.09295855070803632,0.014719515092628033
8,0.0108735495793215,0.09897459132704686,0.06805915857805661,0.204012590096611,0.030929981177608857,0.17819618441184332,0.03172571457165593,0.02440374396039316,0.20220240133818435,0.15062208495927848
4,0.042105263157894736,0.002777777777777778,0.0,0.02032520325203252,0.7733133647125946,0.002777777777777778,0.032720011410640425,0.09776422764227644,0.019883040935672513,0.008333333333333333
9,0.008895158987726658,0.09460374460037166,0.06862639896438649,0.21878283458691106,0.03554420054387503,0.19450190503927178,0.016114181685934786,0.027587847251504028,0.10393122696128075,0.23141250137873787
9,0.005225592221725249,0.07527640452536508,0.04792083832940848,0.022342830072615266,0.10914987471552638,0.056249749772385615,0.004373523365642117,0.44668081770891993,0.11135492697832017,0.12142544231009154
1,0.026029550598957108,0.2014489571542232,0.057279017375359516,0.022832098734617806,0.3237720294007236,0.05957525928974472,0.04950824694133942,0.07656960790449145,0.14626836261158488,0.03671686998895825
6,0.0,0.0061162079510703364,0.03184025903939557,0.0,0.0,0.0061162079510703364,0.9559273250584637,0.0,0.0,0.0
2,0.0033002430502321015,0.17561580112206238,0.31277086106229096,0.04472504527772147,0.02535119664134615,0.1365551674220125,0.14522505658415932,0.016304062568805382,0.11796799877048593,0.02218456750088376
3,0.005134489665921606,0.05688821805684385,0.0979568009038421,0.5543455070600908,0.0061263407309601284,0.04664128580616488,0.005887705929970641,0.0197477977887123,0.05655620834765339,0.15071564570984028
8,0.0028776236238212123,0.1404746234331081,0.09252838171323696,0.0572638908531283,0.07679291449651002,0.14070268532994923,0.003500712313581472,0.30391584788199744,0.14597070323329148,0.03597261712137576
2,0.00595604424350949,0.11886288749714624,0.450697035282424,0.08617640891390121,0.033756936990276654,0.015569809971890813,0.019322307499005233,0.032305382490132366,0.20981707536306138,0.027536111748652534
1,0.0,0.4645177045177045,0.09232804232804233,0.017606837606837608,0.11656084656084657,0.0,0.0026455026455026454,0.043333333333333335,0.263007733007733,0.0
8,0.007194577484251815,0.2553115554897501,0.23236452810674052,0.08751577493356115,0.04657098417410101,0.031738573071589005,0.03094133855353879,0.04058193041503391,0.22909472789007596,0.03868600988135753
4,0.014214044305053734,0.09336846572216882,0.04490028375685271,0.016093790415971237,0.6178045916457792,0.0310848300820208,0.02331813730582095,0.057582885766003934,0.06852806416529354,0.03310490683503493
4,0.042105263157894736,0.002777777777777778,0.0,0.02032520325203252,0.7733133647125946,0.002777777777777778,0.032720011410640425,0.09776422764227644,0.019883040935672513,0.008333333333333333
4,0.014440555181810895,0.08778680711963921,0.03007717248358064,0.028443670347416166,0.35357629361349036,0.028103247500995725,0.02419118159910658,0.26747511129009705,0.09058803764149843,0.07531792322236498
9,0.011111111111111112,0.036111111111111115,0.00784313725490196,0.013888888888888888,0.02173678532901834,0.07804111936036551,0.0,0.05040453074433657,0.0726267529665588,0.7082365632337076
2,0.0,0.11889851984568948,0.49915172254235735,0.19002060701929957,0.0,0.03352541442706568,0.0022222222222222222,0.0,0.12922559574731382,0.026955918196051847
7,0.0,0.09333333333333334,0.049999999999999996,0.033658536585365856,0.3228455284552845,0.0,0.0040650406504065045,0.4660975609756098,0.03,0.0
7,0.013047165134706273,0.10090493854197932,0.025759495037756385,0.024579619151234515,0.3336299495526593,0.08720312517374697,0.016195600214695374,0.2640256771478224,0.061442961176065576,0.07321146886933401
1,0.006138526489284846,0.35209507005785295,0.09954500529233495,0.03483697327775207,0.06787620915911743,0.031587217464716315,0.0661533054907562,0.07447517290171216,0.22188651961383862,0.04540600025263448
9,0.012298627369410804,0.0403630366882328,0.022860110620752487,0.06539058995785046,0.012174121888098369,0.06532568047811267,0.004717083555725686,0.008142646312943931,0.030252812228209015,0.7384752909006638
5,0.1508022989426674,0.017566756556907644,0.01573970744120044,0.025954034378043993,0.0174295871737797,0.4419980048270074,0.07398666939358702,0.011041913237850028,0.042810521292408206,0.20267050675654816
0,0.8295379539337285,0.014392965498096743,0.005549544051410832,0.002146406666029936,0.027812759300819872,0.005139357057723014,0.06614579491443723,0.011969516374662488,0.026117870234336,0.011187831968755313
5,0.008116722786865404,0.04671507584983779,0.012826144015393752,0.031435765732562876,0.04430388669088478,0.6565146102542065,0.017920970226606443,0.10041920037922847,0.04677975241610864,0.03496787164830528
0,0.9808027935042434,0.0006285355122564425,0.0013537855530790473,0.0006363677304777065,0.006137520745623124,0.0047779236823817135,0.001984669837142614,0.0011351052048726468,0.0011414127539235931,0.0014018854759997989
2,0.002940651148071957,0.11585091205732298,0.504598815085808,0.0895627555783996,0.018297753262138387,0.014589084125985714,0.02473594742526169,0.022651851469225947,0.17472668395188212,0.032045545895903686
7,0.010674740607779407,0.09234926955693581,0.06647261299527414,0.02213268295400458,0.12261767089373127,0.017320054041766595,0.028458758650885423,0.5188702386903306,0.09835948728979999,0.022744484319492192
1,0.01133610385674284,0.3453581698607716,0.13391555281310236,0.0335935850646978,0.07947386636923444,0.03938615640103008,0.03496424915860779,0.06256626258959391,0.21570836644585745,0.043697687440361815
8,0.031528087605096546,0.12745135571155441,0.04079535297608319,0.1777375308868255,0.04666215544059236,0.10411177729078919,0.03314987495364919,0.036733810601205896,0.1590496553391216,0.24278039919508204
5,0.011214032117123027,0.12333278021723747,0.048016551043961714,0.01583189795215761,0.1001627195644624,0.44070196354458363,0.10348598210140451,0.06899037932374959,0.07256226918554565,0.015701424949774372
7,0.039940554732314344,0.06605057991505167,0.09371704342135748,0.075967680749766,0.14308021017575337,0.0248222916816546,0.00916613476874083,0.4207184892634484,0.06093473115868816,0.06560228413322518
2,0.42364241143634795,0.04816540625665371,0.1891811998906478,0.020597289949730004,0.037476085834718675,0.006761799880535377,0.025010286728715105,0.028958832510762717,0.09926747492677436,0.12093921258511425
5,0.005128205128205128,0.011396011396011397,0.05399698340874812,0.2094017094017094,0.018518518518518517,0.3215686274509804,0.007407407407407408,0.0,0.018803418803418803,0.3537791184850008
2,0.009697809712784831,0.11684547238913433,0.4265885888246853,0.08795573813144623,0.009506996504742756,0.05373071372422843,0.10984956008896707,0.02570931038070302,0.13904637531558492,0.02106943492772306
1,0.007678145593522204,0.2744626133676881,0.030999850689815617,0.1617354842328155,0.045504509144463676,0.09660078437264814,0.020104922213916,0.01756796883672673,0.09483072534942408,0.25051499619897993
9,0.008063470329599537,0.09927511693170456,0.08651230728811071,0.19620129960758126,0.02713918059323923,0.09779844261713111,0.010600390203113654,0.07619744414223785,0.08189235904358286,0.31631998924369925
1,0.008117595514946544,0.27979157025122386,0.15094251422088975,0.04678656398416081,0.05173521589278756,0.06254879984358727,0.042632003292368104,0.043722737684666856,0.24740659391329675,0.06631640540207241
6,0.0059576143709278075,0.06759584276362651,0.06764072695782401,0.015424853244466777,0.04169242081389442,0.030389718881553673,0.6777950327233434,0.006955172197717361,0.06162205807727469,0.024926559969371254
9,0.023030832406601014,0.126105155546283,0.03532944780155619,0.09634527431237828,0.06699244155552768,0.15445307966791466,0.01697533540139695,0.03671633208586614,0.10646510741522452,0.3375869938072516
2,0.00822239621614013,0.1754780482544938,0.33585695100956514,0.06801649622822652,0.03222209797484997,0.0176295893124009,0.06475601677546552,0.03118735772307288,0.23485487763288226,0.031776168872902855
7,0.004219996783096987,0.03590107511221496,0.038053377636791216,0.012202244851969178,0.042002105747639525,0.016091389708183062,0.0002633889376646181,0.7689531524538005,0.04528692340720495,0.037026345361434856
3,0.003675138929203749,0.05888324135247396,0.0607021938131372,0.6539590353105011,0.005966783884335603,0.04052801962897071,0.008052159550529474,0.009409366540082082,0.06646888611443584,0.09235517487633015
4,0.022997598918060014,0.10189946903476788,0.030863016045375963,0.026083772740448204,0.538048652097834,0.021906440387039285,0.06364161568008564,0.06141779480813389,0.10473730214825161,0.02840433814000336
9,0.012755934121578843,0.09470084854611101,0.0721012574953214,0.1618957003851552,0.02450778651125026,0.08195960531701624,0.01077271526971241,0.03427183933448451,0.07126587485179874,0.4357684381675713
8,0.028094081186386528,0.12739964755763933,0.1939742114885504,0.05808184957436749,0.10770959116697139,0.040929043234909195,0.029116878867333388,0.0344478292633986,0.2774303946220613,0.10281647303838244
3,0.003458381353045921,0.0515209874512748,0.08680777378331624,0.6005908894147602,0.00888676587730216,0.03147884866183066,0.004676407512736673,0.011565858635912321,0.08665547120914016,0.11435861610068067
9,0.008287956770578205,0.10540637159110619,0.06380959717161276,0.40213893462070704,0.008542391228365434,0.026495441893766822,0.007765944204373494,0.010778439425363988,0.06726012998758167,0.2995147931065445
9,0.014050017403744822,0.10288564866093315,0.03636181137653659,0.14151050682614527,0.03422074392737193,0.06868521350078262,0.00666520887969189,0.024989378508499728,0.10270884733462148,0.4679226235816726
1,0.008444129026909187,0.12531849844284834,0.04341496664203835,0.2849566375298329,0.030021520968078474,0.0760813621520944,0.0074377390632111365,0.01705051761037303,0.11233000983551064,0.2949446187291034
0,0.915845075673073,0.002406000746278865,0.0010099910015099833,0.000595256613530279,0.0599666103059754,0.005837715423650858,0.005693410513078502,0.0065192062685246925,0.0017426245869509146,0.000384108867427568
4,0.018030493476249458,0.1420284694640423,0.03432956861761132,0.02402206068928166,0.43829520895271956,0.038515065756057565,0.03061884840589707,0.11448676718137249,0.09731663581663427,0.062356881640134275
9,0.012349639133921411,0.32435451922220165,0.009765659805756036,0.03098650436260701,0.021259912679319256,0.28942350530161276,0.0,0.22240042769313018,0.0641724754796126,0.02528735632183908
4,0.03333333333333333,0.09611111111111113,0.049999999999999996,0.033658536585365856,0.5784010840108401,0.002777777777777778,0.015176151761517617,0.14109756097560977,0.041111111111111105,0.008333333333333333
7,0.006851448952998766,0.029052293429074418,0.015609903163560269,0.012373892822604537,0.07430447154697727,0.009585168218435134,0.0031282784832038922,0.795925546933183,0.024939383308730485,0.02822961314123218
5,0.0,0.011494252873563218,0.011494252873563218,0.031724137931034485,0.027586206896551724,0.4341762452107279,0.004597701149425287,0.3253639846743295,0.1374712643678161,0.016091954022988506
0,0.9888888888888889,0.0,0.0,0.0,0.007407407407407408,0.0,0.003703703703703704,0.0,0.0,0.0
7,0.004597701149425287,0.022988505747126436,0.016091954022988506,0.03218390804597701,0.05985939069300301,0.11911617007030466,0.004597701149425287,0.2765539560316929,0.19609418591675035,0.26791652717330655
1,0.0,0.4645177045177045,0.09232804232804233,0.017606837606837608,0.11656084656084657,0.0,0.0026455026455026454,0.043333333333333335,0.263007733007733,0.0
1,0.02022164595600377,0.2381217851863793,0.19018424315650947,0.05269528000891772,0.06562090295327926,0.03122665941212471,0.047126347308962264,0.029627956486472658,0.2532711160009806,0.07190406353037027
9,0.016318196761303236,0.04395039756903792,0.021069899780478737,0.06392993582421516,0.009839587211429562,0.08506139549033181,0.002304049751113577,0.006725422000991997,0.029476043469823993,0.7213250721412738
1,0.012253790329426936,0.19084182137836053,0.04441213993259116,0.0640503290886107,0.12977264977929978,0.05614402164063733,0.03345086521470177,0.11275743403477555,0.08673287875320451,0.26958406984839184
4,0.1300931584658457,0.04868170558091749,0.018230845275347008,0.002237898478764197,0.6652392608411637,0.014490767671197047,0.03342749793143882,0.04801894215999248,0.029530941582588295,0.010048982012745148
3,0.004132924220874144,0.05880575938679669,0.07659607552061036,0.5931906382313454,0.005076943563999371,0.04375001849062436,0.006336493912892544,0.01977034192548891,0.06492590366807476,0.12741490107929343
6,0.0,0.0061162079510703364,0.03184025903939557,0.0,0.0,0.0061162079510703364,0.9559273250584637,0.0,0.0,0.0
4,0.009817883737413342,0.07028001855159977,0.03860680026808944,0.007844235557133193,0.5097667328988166,0.04459346782126246,0.02430747283195733,0.15158533973088617,0.08033461334807086,0.06286343525477074
7,0.004597701149425287,0.011494252873563218,0.004597701149425287,0.027126436781609198,0.016091954022988506,0.029578544061302683,0.0,0.8380076628352491,0.043218390804597696,0.02528735632183908
5,0.00544624356129757,0.11757941224336425,0.039462621913280364,0.05213887085843786,0.21746883115098134,0.39307527604169956,0.06274161774990468,0.04011552478636474,0.0353976719554372,0.03657392973923237
4,0.021585929414232305,0.05819251899108939,0.02506817239539872,0.012660868209823943,0.5070236284095053,0.07056210724129557,0.023846420219705067,0.19623825111027862,0.0572336962124009,0.02758840779627031
4,0.004557778975357408,0.08503153498439925,0.07795838817627071,0.03202900408968916,0.07852744578035216,0.10962216889896147,0.0064284660435568915,0.38118621596690644,0.14034230085362315,0.08431669623088321
5,0.00210973077754144,0.03644017659484748,0.009838409652741591,0.013044541637328709,0.034610762280653205,0.7170294317053854,0.012719192909287587,0.08806875864943349,0.04408407190609456,0.04205492388668644
2,0.08134472379244202,0.05089742105036786,0.11726547588315409,0.39633158779797356,0.049733004393783205,0.01378435367178764,0.03525388647506679,0.07765183929488877,0.06111727257103213,0.11662043506950408
1,0.0021541845019211964,0.214714028003743,0.07734810111997184,0.31808188788359354,0.02490696673903754,0.12207986249158062,0.011605378948645866,0.00635693520756487,0.09944185300360363,0.12331080210033789
5,0.002239070570786045,0.06227625420197892,0.03508170196453692,0.08770332901251186,0.009046773951247571,0.6426961518171653,0.0289079429431488,0.00881764139484459,0.047435040097027814,0.0757960940467521
0,0.9867164631519842,0.001223207271911121,0.0010099910015099833,0.000595256613530279,0.0032623534496589598,0.0031387253798721517,0.002528835143670518,0.00042363371114353043,0.0009682720165911681,0.00013326226012793177
4,0.2994772140627641,0.0711773042359748,0.02148166443364419,0.008438115813910881,0.3363127557681811,0.05562087340300786,0.13512693293987438,0.02211729139085858,0.041455558568757885,0.00879228938302609
0,0.9867164631519842,0.001223207271911121,0.0010099910015099833,0.000595256613530279,0.0032623534496589598,0.0031387253798721517,0.002528835143670518,0.00042363371114353043,0.0009682720165911681,0.00013326226012793177
3,0.007091093250226223,0.08194779591197938,0.06148857500050527,0.4609863292836154,0.017156654417309243,0.05305055312995583,0.008025567353709368,0.01165437433912218,0.09579819187518034,0.20280086543839676
5,0.002576665144784831,0.12911243584575943,0.06313418584065875,0.0314950324634936,0.0479948750348244,0.4950513286759441,0.027698772767574126,0.0655393900605515,0.11081020738768314,0.02658710677872605
2,0.005630896800878418,0.11715163084687497,0.5062959635561001,0.06878330090682193,0.030213047220818478,0.019439489587602707,0.029359920301425865,0.032605093162554624,0.1610415945279152,0.029479063089007895
0,0.9620307874186098,0.002721558768070396,0.001586343692613931,0.0004190236748376283,0.007082967387657463,0.005288682213135897,0.001767325781502536,0.0013676633444075306,0.0006915105587486311,0.01704413716041623
3,0.00220530275826494,0.1385483687172031,0.07158574436292515,0.11318963194458273,0.026900847403302855,0.44861693110733236,0.0432526093582178,0.030143947477117395,0.06060446826940809,0.06495214860164575
3,0.0024778564768153186,0.04975702414359064,0.0539884639354362,0.4853370276527273,0.013615103225884813,0.036851881685165365,0.0006434934154192284,0.16447970407090876,0.06081655772722689,0.13203288766682544
8,0.3180373961215046,0.09801472131619933,0.02450202040885555,0.010469551351297948,0.07674152911916003,0.12647917072014317,0.05807463731922119,0.12785178104010592,0.0935296152226591,0.06629957738085308
3,0.010363175219293365,0.17873842408265642,0.26470267807167686,0.11192040917974544,0.03624182454900414,0.03521481868245179,0.042449141563601335,0.03202088578682913,0.2483136910849944,0.04003495177974705
0,0.8943940649107478,0.004854604715976198,0.005702799043325589,0.009355477957895764,0.006912950757800007,0.0030052904901128243,0.002316504343166836,0.004211731616406502,0.016987222054013033,0.05225935411055533
8,0.013157894736842105,0.1347639933166249,0.09276663881927039,0.05921052631578947,0.013227513227513227,0.0,0.0026455026455026454,0.0,0.4923419660261765,0.19188596491228072
8,0.0,0.05036269430051813,0.30289004029936667,0.14952216465169832,0.016181229773462782,0.03065211194392743,0.0022222222222222222,0.042071197411003236,0.1588357339682859,0.24726260542951525
2,0.0049763394675482785,0.13507492664408702,0.4210680471016343,0.10896755360366137,0.03952100558975425,0.012145962574237805,0.027209687199799885,0.031145082218611248,0.19183431281282814,0.028057082787837695
0,0.8837480689617049,0.004086012514458519,0.006743356260775156,0.0002810382317549452,0.0489736754304873,0.00982987053012494,0.01830890447185604,0.01987526800676423,0.007878396921142915,0.000275408670931059
4,0.01582442141916386,0.13859235624664173,0.06428877686640766,0.052301593304998714,0.43429109828337664,0.03784588313809819,0.05685491412210124,0.03373129567345114,0.10986389076379605,0.05640577018196468
2,0.0019977233484716377,0.11069146833431799,0.5737774882093052,0.059644031290036245,0.021562862452161588,0.06847645568657025,0.041882621312630305,0.015386200264682326,0.09394626418336995,0.01263488491845455
3,0.0027406794050143244,0.0508114309448435,0.052504064110889606,0.4645650741276229,0.01710084013824749,0.032205683909227845,0.0009425638584831388,0.2751150012842572,0.05812673743076018,0.04588792479065399
6,0.058558558558558564,0.010620712455574841,0.012232415902140673,0.0,0.0,0.0061162079510703364,0.8764360690966195,0.0,0.018018018018018018,0.018018018018018018
5,0.006244965646112776,0.11517853296007809,0.03889969071140438,0.17041089486718833,0.031850074809857284,0.27304056177583175,0.017829900518002487,0.07033244275261732,0.1156203171163267,0.16059261884258072
9,0.1787038759847299,0.09196949597208293,0.07268735997103899,0.027018890438248795,0.06094510064593287,0.03931122885404447,0.022782203951024912,0.056354110900193585,0.11975243973596615,0.3304752935467375
6,0.004282200688396406,0.04178393247065524,0.044052450566766495,0.010589629272432035,0.04590822781504203,0.031392890054099766,0.7645207212791737,0.001921926418282972,0.040968146109804045,0.014579875325347316
3,0.012694741476590896,0.13352134012784206,0.2736052538209587,0.12658567964232514,0.04355511528119261,0.026517220171852127,0.023476361633559206,0.033504053349347286,0.2551502080451629,0.07139002645116913
0,0.9888888888888889,0.0,0.0,0.0,0.007407407407407408,0.0,0.003703703703703704,0.0,0.0,0.0
0,0.9864119789438185,0.00011849745230477545,0.0013527856786929688,0.00044002284945025724,0.0016389017261546372,0.0024327268121249607,0.0044246468358643785,0.00011849745230477545,0.0025179892842830194,0.0005439529650019371
6,0.030866419482119375,0.06887434451267256,0.036295273375117086,0.036086017013622754,0.10029751661930543,0.08061114207343593,0.529894642596209,0.028040963051161487,0.06210784317862915,0.02692583809772726
4,0.011488602794322098,0.136086496793122,0.053094944067686015,0.025043763256699516,0.44965313405913193,0.15058096202081417,0.035407676554141565,0.08303890877260299,0.022599263486335137,0.0330062481951446
6,0.008847129725441407,0.051754291393390675,0.01922288813435128,0.00646534071339685,0.11402385793597133,0.06838487506642875,0.6875342758005332,0.009368363408571865,0.027386383681241223,0.007012594140673268
4,0.007751937984496124,0.01666221152989397,0.01666221152989397,0.03131070123852802,0.03275416555288247,0.6940212064510382,0.004597701149425287,0.04309008286554397,0.13705782767530963,0.016091954022988506
4,0.042105263157894736,0.002777777777777778,0.0,0.02032520325203252,0.7733133647125946,0.002777777777777778,0.032720011410640425,0.09776422764227644,0.019883040935672513,0.008333333333333333
9,0.01679392068802324,0.1468653120439548,0.035038785405225564,0.08175066385730419,0.04551228325943551,0.06997365399650457,0.007654116525275408,0.04656907637401082,0.09081877680724328,0.45902341104302263
2,0.007892494824586128,0.09531964373373336,0.40162706258092506,0.10936038561288612,0.031648383385633014,0.012135012523497583,0.024176964065617073,0.041437174178156976,0.246855913650318,0.02954696544464657
6,0.00624169012780078,0.06325509337734381,0.03653845426594573,0.00685078076094923,0.017976173681050776,0.02336860577845871,0.7688798531076284,0.0018666755535061764,0.06347559677599399,0.011547076571322482
3,0.005128205128205128,0.018055001992825826,0.16652926657017195,0.6305028214218288,0.0,0.024179620034542312,0.0,0.0043859649122807015,0.04223462202736814,0.10898449791277716
1,0.02132965179184194,0.2687267922847831,0.08734292363040824,0.018000765939400032,0.09516570961579518,0.1767405038329195,0.17276164267521113,0.025158399721027933,0.11858574011062925,0.016187870397983726
2,0.0,0.14369602763385148,0.3528900402993667,0.16285549798503166,0.10333333333333333,0.024179620034542312,0.0022222222222222222,0.043333333333333335,0.1467645365572827,0.02072538860103627
7,0.009802625902777065,0.06794659859987162,0.011793525376067985,0.013967394682234091,0.24724471261010905,0.07457105873002606,0.023612764053386196,0.42157627162418676,0.06302141361009952,0.06646363481124182
4,0.042105263157894736,0.002777777777777778,0.0,0.02032520325203252,0.7733133647125946,0.002777777777777778,0.032720011410640425,0.09776422764227644,0.019883040935672513,0.008333333333333333
8,0.009832099470646814,0.1559233248165052,0.15267038115203224,0.05886939585927079,0.07241076202139675,0.08230445826480122,0.024315265421059773,0.07399781789474622,0.296100446230644,0.07357604886889697
3,0.003242102891842486,0.06055598693113324,0.07617402767206692,0.6103901915860301,0.012295203483283407,0.029820297961964316,0.004521500951896948,0.009995024484507672,0.059612094518183736,0.1333935695190912
9,0.015708812260536397,0.08179339817270852,0.004597701149425287,0.044776009431181846,0.2438697318007663,0.03735632183908046,0.0,0.2152298850574713,0.06044061302681992,0.29622752726201
1,0.011576356780822116,0.293857058685915,0.2116977942441551,0.05893442792778263,0.035847792585138274,0.030095946481590134,0.045651551422564655,0.03055151811395311,0.254859660734008,0.0269278930240711
3,0.009725906277630416,0.01918656056587091,0.07268137186467495,0.4992182046628508,0.016091954022988506,0.020689655172413793,0.0,0.21128251663641864,0.03757736516357206,0.11354646563358
6,0.02443371587979998,0.030008620154745813,0.012479019498820217,0.0262690290878055,0.019335203422350098,0.07928294232572147,0.7083516471235125,0.00624766187735609,0.033515173948869006,0.06007698668101915
4,0.01881092243980578,0.10139044348157064,0.052606688278018635,0.05118393861023355,0.15122336974788994,0.08595882995789152,0.1954073941363532,0.22310696977672062,0.08886979323338132,0.031441650338134904
1,0.030247233547521575,0.2546067478448623,0.04223641671305512,0.03385719918395126,0.271509264726418,0.06077628390196502,0.02090065239632432,0.10523843433293709,0.10219801629211916,0.07842975106084614
7,0.004224703240778414,0.05951996216746981,0.010895792559556822,0.018858277802047282,0.07650840447928273,0.033666369945301367,0.002909731841998724,0.6753936120309992,0.050491005303458576,0.06753214062910712
0,0.9888888888888889,0.0,0.0,0.0,0.007407407407407408,0.0,0.003703703703703704,0.0,0.0,0.0
7,0.005946730852667951,0.048608029484628036,0.01830672472902055,0.015740132208617506,0.06262234343662043,0.043292750994418344,0.007393195438954382,0.6904970144801958,0.05947584247227783,0.04811723590259929
2,0.0014712213572194578,0.09911238408277666,0.6188072180065316,0.06110397163305935,0.014997447651883383,0.04831896556558839,0.015107049675556098,0.012424242294372957,0.11442473425276334,0.014232765480248624
7,0.004597701149425287,0.022988505747126436,0.016091954022988506,0.04551724137931035,0.04367816091954022,0.12153256704980843,0.004597701149425287,0.5322605363984675,0.16735632183908047,0.041379310344827586
3,0.003675138929203749,0.06023222110136679,0.07168209795782877,0.6502454944096548,0.005605642678123975,0.030954058328698044,0.005220301551869839,0.008336942834339377,0.07076553518919401,0.09328256701972057
8,0.013977119857683754,0.21355909899345932,0.14462886965012672,0.03634178269796098,0.07957295349289169,0.056298987156843956,0.03782222455224766,0.07051162159715015,0.2615195909917656,0.08576775100987026
9,0.011038780204512589,0.09558743927438709,0.03550400647388763,0.12584325555597692,0.028168572055397516,0.07603140466035897,0.008898965139593356,0.02147189633600601,0.09373521246168168,0.5037204678381983
8,0.014625494969311573,0.1524671970259742,0.2528618196230213,0.1165203377665653,0.04094417016497117,0.022858842897318144,0.03400680693242176,0.03173197244882677,0.2816323911412688,0.05235096703032117
9,0.01623931623931624,0.05416611310393694,0.14459944200876843,0.34614609627563,0.005555555555555556,0.04084628670120898,0.0,0.008333333333333333,0.0727901775829237,0.31132367919932685
0,0.9808027935042434,0.0006285355122564425,0.0013537855530790473,0.0006363677304777065,0.006137520745623124,0.0047779236823817135,0.001984669837142614,0.0011351052048726468,0.0011414127539235931,0.0014018854759997989
2,0.007652624985117309,0.11833913724154638,0.46637628734760345,0.08770166483325283,0.030648401130375112,0.013595105608566506,0.018600693143314855,0.02201138585166932,0.20244793647734552,0.032626763381208616
6,0.007146009931771531,0.0303447921363187,0.031490183964906486,0.010246761982209888,0.07388985707992027,0.043168215569397254,0.7653030369905182,0.004197210285915754,0.025418030598740447,0.008795901460301445
1,0.0074712047206348265,0.28752911333158193,0.12908887087851836,0.04370794895328046,0.06561043406829281,0.03218708750404643,0.057174510796014634,0.06440972228282575,0.25767553567867757,0.05514557178612723
5,0.007553547892913604,0.09259095264014332,0.07420127182195818,0.03629143543295585,0.0636088113698739,0.19187737903671048,0.38396720005576723,0.015337223677885266,0.10903692077554838,0.02553525729624384
6,0.058558558558558564,0.010620712455574841,0.012232415902140673,0.0,0.0,0.0061162079510703364,0.8764360690966195,0.0,0.018018018018018018,0.018018018018018018
5,0.002664771294588054,0.06997454340602256,0.02570057819500493,0.012586359276907813,0.04198041662496716,0.6846408649380719,0.019043485124849383,0.07013162423458408,0.04673373303179217,0.026543623873211977
8,0.00887026645872354,0.15444063897245114,0.22356512650471907,0.10082967076231805,0.05158287814319685,0.050662041906747585,0.025797772526437928,0.055000234963338175,0.278068556147062,0.05118281361500552
