target,prediction_0,prediction_1,prediction_2,prediction_3,prediction_4,prediction_5,prediction_6,prediction_7,prediction_8,prediction_9
3,2.973585729638308e-08,9.99305964547804e-08,5.124059923074968e-05,0.9956596379010607,3.292634526608328e-08,8.771676099203493e-09,5.59072007859274e-10,1.0191006942484882e-06,7.873710996123848e-05,0.004209193365505683
5,1.539878598343547e-06,3.281297117200735e-05,7.590160995061269e-11,2.0298482714092434e-05,0.0026626075811199803,0.9969699384436895,9.578257982078443e-06,8.68004725693155e-05,4.81512544737331e-06,0.00021160871080556012
9,5.530033111021743e-05,1.744842183088484e-07,2.702415648186127e-09,0.00017097471827299838,2.229401352493397e-09,7.383319165174407e-05,1.746613291977433e-09,2.9206310687885743e-07,1.0164444055445268e-05,0.9996892540891541
8,1.1045267715353873e-06,3.91910538713643e-05,0.00021651931721193216,0.02685912704062742,0.004436118843191188,0.0026127524198939654,3.781224670579727e-05,0.0016994785238624332,0.946535370888926,0.017562525138938384
3,2.5198740570082137e-08,9.252894105047834e-05,4.048246069223835e-06,0.9996118969560667,1.1823130938882169e-07,3.317425799287921e-07,1.240000201068484e-10,1.0901366220415447e-06,0.00017141147517812848,0.00011854894838384405
7,6.924680284815183e-08,1.3996136419648698e-06,7.872467674811104e-10,1.908288908849527e-08,0.00019501811639488235,1.293560116297591e-08,3.4299326035864055e-12,0.9998029442601141,1.7871859444693642e-07,3.572352847373351e-07
3,2.486485282902232e-07,1.3093366482132367e-08,2.3498726827651744e-06,0.9976583238304271,7.798728188474691e-09,2.603944548044488e-08,1.09244708314455e-09,2.5771392404883855e-08,0.00011174933114323549,0.002227254521838907
3,1.0959315898074327e-08,4.193155038919308e-07,3.066544089987675e-05,0.9977775938467434,6.409846028807491e-07,7.6002577267382486e-06,8.164366760669983e-08,0.00047297114738859605,1.206974939994058e-05,0.001697946654751158
7,4.510497732810146e-07,8.438225417663816e-05,1.0433332992827209e-07,2.8321514793894363e-08,0.0049761064290812845,4.533613695313836e-08,1.0185356540159382e-09,0.9949231189845895,1.56091686243861e-05,1.531042375763791e-07
1,4.4138195430836937e-08,0.9873666559115295,0.00010475951643161361,0.0001968793542509705,0.011894638812660025,4.768556364089236e-06,5.665921221604872e-08,0.0003121666066228998,0.00011154007691898479,8.49036781403832e-06
0,0.9999639715034431,9.749387319532444e-11,1.2549206940333149e-14,6.3753180283292e-10,3.3593678802200894e-09,1.904941463087934e-07,4.161115677958033e-09,9.687087428015193e-08,3.921094748735399e-07,3.534076653973526e-05
7,3.173906084284992e-09,6.433367485178959e-08,8.016990056912421e-08,1.5221606710017072e-06,2.9151968280167183e-05,3.332439862725626e-08,5.951290868359397e-10,0.9999687586417426,3.2456541110909766e-07,6.106688579035643e-08
3,1.502304997399618e-06,5.8948894972152287e-08,2.6224445067272016e-05,0.9869079784692512,5.2996083743491623e-08,8.481836512082978e-09,8.330854366374174e-10,4.1748223717889486e-07,3.2172238289625665e-05,0.013031583800256978
7,6.847096192968215e-07,1.1079571105967455e-07,2.1660867836372914e-08,4.601223594120891e-06,6.6619839961178145e-06,1.0389430818637504e-06,1.670238343079684e-09,0.9999546894014774,7.372586978469804e-07,3.1452352716186075e-05
6,4.840202471481467e-06,5.221882312478434e-07,5.840355318215832e-07,5.8167867338311996e-08,1.5146663690714674e-05,3.0132086850268042e-06,0.9996527941390758,1.5371724980471893e-09,0.0003228645183566796,1.7533891720393895e-07
6,5.90757325623396e-09,2.974163373548606e-08,1.5274048228531624e-06,1.9660938118315483e-09,1.6143961164697063e-07,9.915447110984302e-09,0.998723310878337,3.698698877865392e-11,0.0012749458341976987,6.875295513693363e-09
2,3.150618099441421e-12,1.8729492437966683e-08,0.9999985793435541,2.111149782715141e-07,5.138392460616893e-08,3.0397038933815727e-15,5.68488959790555e-08,4.685147685532903e-09,1.0005228650531094e-06,7.73679882539836e-08
0,0.9999851224485742,4.837950341241205e-09,4.012092260807954e-13,8.125821580347518e-09,1.1699234563980319e-08,1.1680453386441744e-07,3.777510074088397e-12,8.315369582738917e-07,9.955029062318782e-08,1.3804992457682636e-05
0,0.9999918364298204,1.1490054329985996e-10,5.431111652164799e-14,5.59332332642615e-09,5.467499174344811e-07,3.5875725633360336e-07,3.625295871302784e-08,5.8319226411032876e-08,6.292335699319249e-06,8.654468434406975e-07
9,0.0006088236022798889,2.9981939462812313e-09,7.186603122716166e-12,9.693317720195527e-06,3.8613359523855385e-10,2.750341031254276e-06,6.00675667508072e-11,1.2159643431808103e-07,2.209890947964025e-06,0.9993763978000048
9,1.258704083229319e-05,2.4615369350383895e-06,1.276773964462739e-07,0.16583334417884799,9.899825746687415e-09,1.9943693232424062e-07,7.869380980436116e-12,2.968952237150543e-06,1.5984291749789274e-07,0.8341481414262062
2,2.5933317529385305e-09,3.4942051164952774e-09,0.9983525218775451,2.331619874648932e-05,2.8346450708135126e-06,5.296277471133478e-13,1.9578834862693735e-05,8.629730268370558e-08,0.0016011164546569823,5.396037488359579e-07
4,2.7407576605705076e-07,4.097066155817336e-07,6.293287816596067e-10,7.055444219953249e-10,0.9999970779520319,2.9213966091278256e-09,4.921716872701243e-08,1.7140979135284306e-06,4.7028216081787834e-07,4.120736161190883e-10
5,1.9865940657844295e-07,1.1566609714254592e-05,4.287557805835487e-12,0.00015589966251428617,7.105633229853718e-05,0.999632039364133,7.769114131810757e-06,4.233043972996424e-08,0.00010358342858545012,1.7844494488573075e-05
0,0.999548968108108,7.304333260551834e-09,2.0016356920959125e-11,3.7772016235675994e-06,4.941618271770955e-09,3.3463402751339567e-06,1.1095809317029871e-08,1.1609594564351584e-06,4.586226262688141e-06,0.00043813780249710497
1,1.0693546349867977e-07,0.991530055830514,0.0006894126098434379,0.0005170264325354307,0.006912739094349167,3.938320897456723e-06,8.331917106095014e-08,0.00010552580957848192,0.00022483490035347316,1.6276747294160985e-05
1,2.86768597750059e-08,0.9957457281561949,3.7232053041854246e-05,0.00322182306910846,0.0006720538709425585,1.993340278271755e-06,1.0597273724192386e-08,0.00012305617791677842,4.970980235845492e-05,0.0001483642560252067
8,2.555241826604072e-08,5.087448042882494e-10,1.1867376214835872e-06,1.0389791414632279e-07,3.4824561022377026e-09,6.379815287847721e-12,6.947424022070984e-07,2.835786407475843e-11,0.9999978577042274,1.2733947796115543e-07
9,0.00035188649896737256,9.634373767922211e-06,3.669121745179985e-05,0.005408489184432514,9.963628158824767e-08,1.7356444345211004e-05,1.433434755158042e-07,8.34143954277475e-05,0.00017903705744893024,0.9939132478484013
9,1.5011849433042378e-06,0.0011712776300085341,9.75689839988168e-08,2.623406059342341e-06,4.7833378827834026e-05,0.0002445403222925694,7.852504720450508e-11,5.635519639357073e-06,2.3304361418968595e-06,0.998524160474578
5,0.00033872642598703685,0.0016448355090708962,4.0347301079067356e-07,0.021528717740483396,3.3229118457691217e-05,0.9624420117064396,0.0009601331334389523,4.404413044289907e-06,0.011436095207847607,0.0016114432722197708
5,4.172963581361574e-05,5.60958683689012e-07,2.7388493473118053e-13,0.0008027237429848246,1.1315850546771985e-06,0.9842054485886605,5.464301473094383e-06,2.910439790166913e-10,6.959869606723165e-06,0.014935981026404989
3,0.0004347778509120727,0.000317038289133504,1.5138848233742127e-06,0.9417842338799526,4.672707676891275e-06,0.00150107192823947,1.1335824096322638e-06,2.9332083704354484e-06,0.0011204702185550522,0.05483215444992704
7,6.6245619067898285e-12,1.1905838135123082e-08,3.891561304888672e-10,3.995032447434542e-08,4.278538350332817e-08,1.1792069835092665e-09,1.6524549361010937e-13,0.9999992240941947,7.689831766148488e-09,6.719992746128794e-07
8,0.0002674109484831732,2.2489152171730648e-05,4.66320241353385e-07,0.00034454331112487803,1.3834290517867648e-05,0.0017503750838997545,0.01563043427749865,4.2601061746291006e-08,0.9790961712330131,0.0028742327819877627
2,3.611492885007777e-05,1.1948160939109878e-05,0.9593710153308974,0.00024957949285876307,0.0006309805727446503,5.798760948221525e-10,0.00019511042627388955,0.00013185092290086422,0.039343218622836906,3.0180961822332255e-05
7,1.064657672076775e-08,1.3748068615950963e-06,3.533580945355978e-06,1.1388072149551599e-05,2.5487417211413466e-05,1.4704899870015868e-07,2.631760672368963e-08,0.9999497828879641,1.7428208095803544e-06,6.5064008762041446e-06
5,2.6805356267981886e-06,3.863096539768661e-07,1.3341753618624924e-12,3.655636490843867e-05,5.2468530307443005e-05,0.9995151601208522,9.518797865798489e-06,1.1253121890926026e-06,1.2701583995190422e-05,0.00036940244326700807
5,0.0022304287125333028,7.836769415362044e-05,1.8270150882970635e-10,0.00014908455893600505,0.00015722724201427414,0.995872053675535,8.109302403933798e-06,7.9811537260495e-06,1.3872215024957274e-05,0.0014828752629714682
1,5.816734863316064e-07,0.9954461659074989,2.610967084180551e-05,0.002667248078846602,5.1075798856660125e-05,3.435533687768027e-05,4.3485802428063175e-07,1.9288361684113535e-08,0.0016027158842818261,0.0001712935029241693
0,0.9508544558850235,0.00014452837369687073,2.5110692585477963e-05,4.1427773169224e-05,6.0485150572723595e-05,0.00026098488191664515,0.01251852671502406,0.00019996468157417062,0.01775573068047476,0.01813878516596254
6,0.0001866593493216991,2.3196572097794005e-08,3.840426552786506e-09,4.886815494026674e-08,1.4347459907545439e-05,1.7586359663071522e-05,0.9992959614542041,6.773871252821385e-10,0.00048508021413830283,2.885802246221634e-07
6,8.814839125705128e-07,9.619793990925508e-08,1.5534459743385286e-07,3.0725601062867494e-07,7.724125197583467e-06,3.3262631130217425e-05,0.9996252153063139,1.1680670379916676e-09,0.0003322864026795868,7.008415118252039e-08
4,1.9435258695531793e-06,3.5715559504365655e-05,1.4941813422171984e-11,6.994674764749799e-11,0.8971040056760811,3.528522673047384e-06,3.360330604275836e-10,0.1028280683436713,1.6907012290892469e-06,2.5047250049852635e-05
0,0.9999884952997653,4.195998796655906e-09,5.599417655850359e-10,1.8720441060129616e-07,5.912576544587329e-08,3.3649690587063583e-09,8.13631043178452e-09,3.1835711816415303e-06,5.003253543755489e-06,3.0552881131575686e-06
3,2.266769575897093e-09,8.95499860681201e-09,7.429014706780214e-10,0.9999643661390106,4.885962157070913e-10,4.808142826721264e-07,4.5127365509705765e-12,5.1318155969688694e-09,7.571839619054881e-08,3.505973871632648e-05
1,2.1295022423439237e-05,0.9928961164465834,2.0728447986509773e-07,0.0004926329434225354,0.00036004208911582174,0.0027817325428821024,8.496012407792667e-08,1.0095382317919015e-07,7.479641108466054e-05,0.003372991346061052
3,5.262938884729041e-06,0.00011537251262239037,5.015160423951448e-05,0.9014191037879078,4.2220919033214005e-06,6.51594673123557e-05,7.871696575880073e-07,1.0713714833634195e-06,0.0007848866809602889,0.09755398237502845
6,6.260631187688389e-07,4.678450950166782e-07,3.506554515119964e-06,1.912118656807686e-08,8.336265411474253e-06,1.0484175770239038e-05,0.9997957553353638,1.9076815519475734e-09,0.0001807564307733884,4.630108418235746e-08
0,0.999755962662157,6.477737511092662e-09,9.591116132337525e-12,2.712913885549768e-06,3.830012474532047e-09,2.817161527689246e-06,2.337543543387477e-09,2.1165659563412157e-06,7.743046232954311e-07,0.00023560373696566848
4,8.293831873619286e-08,0.0007137573490947435,8.29704340281529e-12,4.618459620028807e-11,0.9992703514492093,2.643379977117806e-06,3.445309712095986e-06,9.840344027453275e-09,9.709659943651279e-06,1.8918536735317972e-11
6,4.732791735791741e-07,5.318151478946041e-07,2.937238111770295e-06,1.178677349148642e-07,4.288591328333975e-06,1.83190340453769e-06,0.9995776739525022,3.360722730592863e-09,0.0004117033636319491,4.386282420485877e-07
6,6.806448082651498e-06,4.575250322439912e-06,1.4970838405275097e-05,1.361147644162815e-06,1.59568206275182e-05,6.785836321685634e-05,0.9991496054286779,2.9076523281128468e-08,0.0007365804047057863,2.2562217942899205e-06
7,1.2688608100461533e-08,1.0769856660388465e-07,7.276527430025719e-11,1.5449784492559263e-07,2.842533168441513e-06,1.4262844560883247e-06,4.0559455280130326e-11,0.9999934148096709,5.457370406435503e-08,1.9868006560233883e-06
1,9.738738298585957e-07,0.9807301958012461,2.2447897470751948e-05,0.0001349856196669445,0.006461320422618777,0.0007901881718114522,9.853466376565603e-06,0.00026077750637759026,0.011557811138225692,3.144610237613461e-05
0,0.9995597100499856,2.4464650454585876e-08,1.913303665930464e-09,1.2169701144142207e-06,9.722085146950485e-09,5.685531178023121e-07,8.408352102736747e-08,1.2357942757299905e-05,3.732417190908194e-06,0.00042229388327373775
8,3.118142048935884e-06,0.0030058041763141646,0.005325930364672826,0.0004960327003938331,2.615385137300571e-05,4.911692100978301e-08,7.78371682027235e-05,6.469983881196881e-07,0.9909975094510494,6.691803063597454e-05
6,1.2249889753986579e-05,1.5136036008545782e-09,2.2268353558854086e-09,4.503327593301107e-10,7.348049945974566e-05,7.844025051914743e-08,0.9998689114354826,2.1735004516494998e-11,4.527528931600139e-05,2.332304309086405e-10
1,1.1286495887622913e-08,0.9996456433637984,2.0891507210801155e-05,1.2673508537556174e-05,0.0001993510112927827,1.8781403177714108e-06,8.159162603108432e-08,8.183599070758531e-07,0.00011778928520244755,8.619456113835906e-07
9,4.375289094245157e-07,0.0009000587182950166,0.004640141265261877,0.0028746508753912004,0.0009309432001966491,3.342745496184221e-05,2.612461234864965e-07,0.796830431551425,0.07673903978227156,0.11705060837716394
1,5.155337067482603e-06,0.9958937220271443,5.024766767559434e-06,0.0002831612954363811,0.001970411708890213,0.0011005895005077545,1.2166410970223073e-06,1.8516577548241817e-06,0.0005612555599836501,0.00017761150535091185
4,9.807273437183394e-07,0.01171345216079783,2.0015379632818356e-07,2.7161070036569878e-06,0.9882155087920774,1.0957811070605905e-06,9.053126455055328e-07,4.457393916553663e-05,2.0554102620764815e-05,1.2923442346102261e-08
2,4.63471410324753e-17,6.8807369299858855e-12,0.9999997025060573,2.9009684435551786e-07,2.9795391055067113e-10,6.282428731819854e-20,2.771334214390178e-12,8.247031434479057e-11,4.1636784776568336e-09,2.8433435582323808e-09
8,9.31157002529921e-05,0.00020784344297402672,0.000233332772656413,0.02127830685008841,3.985979064832801e-05,0.00023201198693544327,0.0006823775600770444,3.5707465757380304e-06,0.9657065497974803,0.011523031352311164
4,4.1082031251950483e-07,1.8772976829168157e-07,6.2241489582073e-08,5.224844187517436e-10,0.9999909397354764,3.535048084917444e-11,1.5826825906951695e-06,1.7553463035584724e-06,5.0608786901846605e-06,7.533895840974471e-12
9,2.587222009024842e-06,0.0061350016024643685,0.06619996879109827,0.5346483882177366,0.0002700344745341475,7.182605374590017e-05,4.410369811313161e-06,0.00044284454070414494,0.0005921008370636334,0.3916328378908324
9,2.8203903807737663e-05,3.4050029043130786e-06,0.00018076693693943433,6.723793870006113e-05,0.0019098594498914102,2.6476165808296077e-05,6.676758774026794e-07,0.2895884463571984,0.05436157174960134,0.6538333648192716
1,2.0885904223093012e-05,0.925747563485898,3.2381244528597238e-06,8.687252254651927e-06,0.058880278872052896,0.0007810498405608891,6.345010934591196e-05,3.456694359879521e-05,0.014441855561955009,1.842390565774415e-05
6,1.6502942307026325e-05,5.0630351005950096e-08,5.523318439160759e-07,6.474250541980629e-08,1.1372062260586319e-05,1.4480253449771014e-05,0.9992848625694546,4.512188181463218e-09,0.0006719749735770328,1.3498206242199e-07
2,1.7678289557312125e-07,0.0051115556204529644,0.9709820164134146,0.019184083084778824,0.0005336271931483353,1.1770707220687876e-08,1.4719925568344087e-06,9.268770917401286e-06,8.491643482004644e-05,0.00409287193630794
3,3.10175934383242e-09,1.5083914825086076e-08,1.7495121671418843e-07,0.9295209218668395,6.336312188725653e-10,6.276387839857914e-08,1.7974496571022832e-12,8.628849821418545e-08,3.9853663652420016e-08,0.07047869545480055
8,0.00015260255813165567,0.05270752815955363,0.03870254476425976,0.0873578921898811,0.020131148845244376,1.1803108201559644e-05,1.7824916160912397e-05,0.007224472565391539,0.788478507895632,0.005215674997543509
2,3.0456669647997796e-09,4.978683905933223e-07,0.9920473524116931,0.005764088315145365,1.8934600037621946e-06,1.6284323181625674e-11,3.2459089092284014e-07,1.1871117972362409e-05,0.002168138487081655,5.830686871109377e-06
1,3.9624927596316565e-06,0.9663123345100495,1.4346978261330594e-05,2.1928084783904446e-05,0.010760330406417405,0.006355649507596052,0.004135850922447913,6.459346616302934e-05,0.012328556071677585,2.447559843795454e-06
8,1.560291300373276e-05,0.30986552944364687,0.2715561257879443,0.011375503158743826,0.020258925291027782,3.424690124812775e-07,0.0003057242358830185,0.0005847936336158497,0.3859339922273287,0.00010346083979334885
4,4.0341588360788997e-07,2.32695186090445e-08,7.179879413880595e-12,3.8278536319364954e-13,0.9999985127118831,1.9179201715034043e-11,5.146510762813322e-09,3.547065675674707e-07,7.007228595740568e-07,3.463481046729846e-14
4,4.025474115827321e-05,1.6728233147757742e-06,1.7809502458818399e-06,5.132282966781019e-09,0.9997276751663967,8.187924163407285e-10,4.890228609682919e-05,1.1873794379382569e-05,0.00016783365650249095,6.308299922109364e-10
4,2.651349795191969e-05,3.6385165715040185e-06,1.1542774818985098e-09,2.401144841211124e-08,0.99990046956892,1.6467690841587415e-06,1.1223604671624613e-07,6.488714920401014e-05,2.636189759591058e-06,7.090673599417975e-08
9,3.696869471603687e-07,6.1793222367962804e-09,1.6212487359218154e-10,5.9332148049662184e-05,4.530959166439384e-12,1.6472401586354065e-07,4.752851156282954e-13,1.511150733090472e-08,1.580878986909821e-08,0.9999400961742368
2,2.794249183445168e-09,1.4218917146645857e-05,0.9991749846686554,0.0004020589587271889,6.977432323441814e-06,2.0553295662613927e-09,4.554511737464762e-06,1.5711028023351525e-05,5.287264591104554e-05,0.0003286169878964951
7,1.6903359422508115e-09,7.164033143070215e-07,5.696097796489195e-07,1.046195973757914e-05,3.870595086640128e-06,4.443484431373015e-07,1.016706505312197e-08,0.9999696475145184,9.432368638898257e-07,1.3334474855264679e-05
7,0.010356222200195888,1.0589358929138969e-05,6.297332163470401e-08,3.8704129110636497e-07,0.04056486280347664,0.00022779925257887195,1.3017970411350478e-08,0.9345990466468242,2.890690784440544e-05,0.014212109797567742
1,1.2950576325415198e-07,0.9918862060085467,1.9695489981352157e-05,8.286124559375233e-06,0.0006874825783596566,1.4145186861553928e-05,2.4712691409050698e-06,0.00015169026329605074,0.007223532125439946,6.36144805142816e-06
9,0.00022597066203387147,1.8723667042128966e-08,2.2163979600767728e-10,0.0030913102668853115,5.388615675217858e-09,9.379427785946206e-06,3.9599776444421683e-10,2.22452854702031e-07,2.905893612003767e-06,0.996670186566908
5,3.618548949816881e-07,1.1280646128967563e-09,5.666472988347811e-18,9.92293590351962e-08,1.2845605529767604e-08,0.9995041499767553,9.30721598866159e-11,2.7059298424687563e-12,8.760978028599779e-10,0.0004953739934447114
0,0.9999935698065253,2.0012663674115383e-09,1.6025405274320442e-11,3.3645127584548694e-07,3.600294722529502e-08,5.7928237356178294e-08,1.1869711014239673e-08,5.466256987468117e-07,1.328120106760924e-06,4.111178206239607e-06
5,3.912560152436317e-06,0.000964772953240774,3.248071349313479e-07,0.00021869743369614474,0.20326338468034497,0.6727830808997523,0.00020932758494480923,0.1191022143648157,0.0007337927891335229,0.0027204919267844706
0,0.9999910719941927,3.5156324902646926e-11,7.469496090014119e-13,5.403084642296729e-09,4.174637473438895e-09,1.9605465564038383e-09,9.377067097215619e-11,4.294552915158282e-06,1.889719821323766e-07,4.432812967303016e-06
2,4.358347404773489e-10,1.6522037666904698e-09,0.9998885274905889,2.549382714849745e-05,1.2719874676097573e-07,6.7560781713695945e-15,8.440561488910845e-08,1.122940281456352e-07,8.542266505382466e-05,2.3003077352572018e-07
7,2.9488367706846144e-07,5.4569229546257924e-06,1.3451080920616813e-08,1.8580061907349337e-07,0.003084361763769328,8.188654255881617e-08,1.178556983109328e-10,0.9969033430866834,5.702200557750039e-06,5.598862594760716e-07
1,5.316043126806582e-08,0.9984898777339148,3.6123886457657177e-05,1.391313580767456e-05,0.00019675820654986128,3.588017545869929e-06,6.66514751306151e-07,3.86262833380492e-06,0.0012541753015300745,9.814146775109053e-07
8,0.001085887874376136,0.026511418504281178,0.0002550399866709054,0.0007005767217564557,0.00016228208071185623,5.130817927859034e-05,0.0013550327507896413,1.2637062207870812e-05,0.9667819573909333,0.003083859448994052
5,1.47707022946051e-05,0.00032117182148581105,6.516387173539876e-11,4.444618148389785e-07,0.031185887140263015,0.9678555323239992,0.00042728151594816034,3.068910331640722e-07,0.00017719521636938622,1.7409861628086698e-05
7,6.661081373115211e-07,2.4847259503757977e-07,4.669927994971816e-08,7.866295328437618e-07,0.0007423441328232191,7.871931935218301e-07,5.894834661616905e-09,0.9992504824289671,2.712963176561488e-06,1.919477459633851e-06
2,7.575959034860908e-10,1.9407240477041895e-08,0.999892935780571,8.660280051601353e-05,4.114170172655552e-07,4.2066527218299135e-13,1.31528369739894e-07,8.02548206052572e-07,1.6330988384736643e-05,2.764771678172188e-06
5,4.5844228086471656e-05,0.0007292476211922465,5.817243728096061e-07,0.05334790272462072,8.405328342505208e-06,0.7667098437421784,0.00012870058667773028,1.7477319389599006e-07,7.061217478877468e-05,0.17895868709654644
2,2.949024354410658e-10,9.598299617533107e-07,0.9998616717427132,3.126533743615743e-05,1.2705919373271947e-06,1.0844292070616098e-11,3.2014499545671535e-06,4.539091543605126e-06,9.269279449798896e-05,4.398856208667297e-06
1,5.520466683894708e-08,0.9989762559660741,3.227169398573259e-07,0.0005991575845341003,7.363095934486421e-06,4.9292183728142375e-05,5.605066221428761e-09,7.73189342872374e-10,1.7505363131229072e-05,0.00035004150673545464
9,4.7743357583324556e-08,4.662042233560549e-06,1.5319018800257434e-06,0.0014198222838275603,5.466212362054798e-07,1.9031468626292256e-05,6.197836659553368e-08,4.031149044167802e-07,9.598936987750755e-07,0.998552932951869
1,9.530838781966473e-05,0.5711370093521217,0.016795581178440867,0.0007851950424407882,0.002503958720918275,0.00011836418828052143,0.12224784653852364,7.8625823808236e-06,0.28577987367034147,0.0005290003387322535
6,2.851885486064454e-08,1.1315644684522647e-07,5.151283408423506e-08,5.522827285719416e-11,3.234030344897114e-06,5.15674797373548e-07,0.9999701260648747,2.437618451713965e-11,2.591919560947024e-05,1.1766633131822536e-08
9,1.0606642406566695e-05,2.5701934666325283e-05,5.709191696452639e-09,2.554621431391919e-07,0.0018776572003143814,0.0008767321711186675,6.347614193469845e-08,4.3686982926699473e-05,7.174131337154201e-06,0.9971581162897535
2,7.939523403027718e-09,7.530503590793581e-08,0.991379115791027,0.000362328006767172,5.204264811712428e-07,1.972906924402246e-12,5.584745975885276e-07,1.8588286575694973e-07,0.008251133958246828,6.074213482376688e-06
7,1.6819933754599351e-09,1.126210038824986e-07,2.5709376777423943e-06,2.5748905581760546e-07,1.0905362933200587e-05,7.80653635164528e-08,2.0524220164683244e-09,0.9999239939913293,8.135573089235455e-06,5.3942225131792216e-05
3,7.335110554574452e-08,2.8103247189905034e-07,9.466396026589731e-09,0.9997889027672059,7.500392533213863e-09,3.2061331676366344e-06,5.442273461116846e-10,4.516691962772011e-09,4.4835026252828345e-06,0.00020303118571600554
4,1.1367021093052631e-05,0.0001801178610886543,6.088930208473706e-09,9.498178419669943e-08,0.9997730943927097,6.992108735881946e-07,8.625968414485825e-07,3.419230718587305e-07,3.3413334315327856e-05,2.589292215486076e-09
9,1.980933298844995e-07,2.1844854551059055e-07,1.974270769100498e-07,0.001058786668480975,4.205174996720492e-08,2.0700592899648488e-06,3.978834316480236e-09,5.518946340245809e-07,4.990088567703116e-07,0.9989374323692016
8,2.181838072533018e-07,5.143247244512574e-07,9.032175063789543e-06,1.5005600686979211e-06,2.038201668673699e-05,5.003155207060632e-08,0.0004744100745701517,1.088745835592638e-08,0.9994930300360189,8.517100494890242e-07
3,0.0018506215954450216,0.0004634277865060584,0.0005762872468123212,0.9033402315185597,1.3784821429969794e-05,1.6867098326603932e-05,5.3704640682745685e-06,2.191547831309875e-05,0.08256110665477419,0.011150387335764803
9,0.0007913394015687944,1.2609670673041167e-05,7.332713229417287e-08,0.2130063112122,1.1315485790416788e-07,1.6772850611459786e-05,1.7576215416395847e-09,9.691781604803804e-06,6.369123407509791e-05,0.7860993956096551
9,1.3959329692792224e-06,1.273282319482262e-10,1.6547195376202097e-10,0.0001399877185138679,4.179695117396303e-10,7.760853871728597e-08,6.809713894166505e-11,1.3482179636431612e-08,1.8467134602551833e-05,0.9998400573443291
1,2.5363976465135532e-06,0.9991703097563829,1.6922589709736442e-06,4.847416629768193e-05,0.0001621744406160457,2.725010440236056e-06,7.647372430090942e-09,1.5628647765798696e-07,0.0005603494582088907,5.1574577586838944e-05
0,0.9997538786049779,2.070952182337802e-07,2.1773299854899774e-08,1.5982216006525186e-06,2.7273233323044487e-06,2.833490530681465e-07,7.912391216190766e-08,9.699022182318355e-05,9.314114121441297e-05,5.107314556841757e-05
4,8.978939645989515e-07,0.00012147584508565967,1.3302454301936258e-10,6.75925755769673e-10,0.9998695453071127,3.108020270414445e-07,5.634328441783184e-08,2.039339265466785e-06,5.6736117545060465e-06,4.855554754319159e-11
9,5.723933862688381e-05,0.002883915639606946,2.102288740180788e-07,0.019632761991700345,9.228505508617439e-05,0.38912658379148835,1.1294321560206175e-06,0.00298955927662914,3.363521883714924e-05,0.585182680026995
4,5.132376231413751e-08,4.2546427314782455e-07,2.178062923821227e-09,1.0464761967018221e-10,0.9999618339197639,1.6268225231176384e-09,3.323476137058686e-05,2.7906931767189766e-08,4.4227124689984375e-06,1.896492060561839e-12
7,3.470288877834136e-10,4.077858901767187e-07,5.382082702612409e-08,8.570404649197308e-09,1.3630605027571795e-05,6.348028656963302e-09,1.0786653227353415e-10,0.9999857432185237,9.869664616755434e-08,5.049975638693399e-08
5,9.6982957868711e-09,5.151366009615931e-05,6.418324566816732e-10,0.0012452534748473689,4.856282418368445e-05,0.9964090984733781,4.3502732771747385e-07,1.260691371457302e-05,9.634706700312255e-07,0.0022315558156539126
0,0.9999887319070542,2.949637510258615e-08,5.628162096988177e-12,1.279085224262399e-07,4.2724967651616664e-07,1.826276298354667e-06,4.9600736510379e-08,8.132191507039205e-07,1.1089885228964334e-06,6.885348035250538e-06
7,0.0001401260596499361,2.2388909337139557e-05,2.4310584960620135e-07,1.4563183510346654e-05,0.00043632584110818635,4.033822784757025e-05,4.2491347829138054e-08,0.9948316122639588,8.629868134108852e-06,0.004505730049256502
1,5.530312563348778e-07,0.979948885972336,3.6992583923267555e-05,0.0003117268631569622,0.007523344269389718,0.0001652325689303127,2.747993822512067e-06,0.006316258813954258,0.005679436464371872,1.4821438858840936e-05
1,1.1208476836842906e-05,0.9726957221665026,1.920092678343469e-05,0.0007283761325147126,0.0002998009634925574,0.0035197834412747085,0.00027601326658317353,6.49416695855304e-08,0.02071234311292484,0.00173748657141759
9,1.1385973862474226e-06,1.085641299182039e-08,4.239024052356901e-11,0.009295111837942,6.747819243557442e-10,0.00011383106784290233,2.684365878880131e-12,6.340683573222539e-08,5.454024962723955e-08,0.990589788973474
1,1.5875310796775573e-05,0.9641848602744942,2.2676887388430472e-05,0.003510530601336282,0.0003001879688485409,4.376339549065717e-05,2.419111930832552e-07,4.46350846498862e-05,0.0040609659533872335,0.027816262612414946
4,1.8317657057796655e-07,5.389219025822328e-10,4.050815204043805e-12,3.482841065009872e-14,0.9999996487538753,4.813770489015365e-14,2.126346429638215e-09,2.0927488358229315e-09,1.6330740305760637e-07,2.2813717372470667e-17
3,6.933525907034756e-13,1.0482721655131348e-11,3.676685055716975e-12,0.9999742797985484,4.869004409404552e-12,5.983588765692902e-09,3.534720048673397e-15,2.0035536041762208e-12,1.526438161078823e-08,2.5698931752413228e-05
6,2.830664002399172e-07,8.492489620417772e-09,1.592619621812867e-08,1.3563869615324646e-08,3.918996173415006e-07,2.9079554084138e-05,0.999791927861252,3.581111569737945e-11,0.00017826268075258527,1.6919527382608227e-08
4,7.774188483409777e-05,5.923108510781591e-06,1.0956513465872909e-08,1.8441635829345669e-07,0.9984024563179318,6.125229783670322e-06,0.0003046776514771421,1.650999735117897e-05,0.0011863690104682207,1.4267712742214148e-09
7,9.468251086802459e-09,4.103213820575158e-06,1.0838212911356255e-05,0.00011603538397943257,1.3520252772575074e-05,1.5315123983139628e-07,1.5634893662251356e-08,0.9998379397691909,4.441719272529546e-06,1.2943193668096235e-05
5,2.5678614735258356e-07,5.590471405779136e-05,1.7661783235954225e-13,1.3713879632135892e-07,1.2772561701656532e-05,0.9997749519860504,3.349475386608791e-05,9.131691904961496e-11,4.972349130246255e-06,0.0001175096187569658
4,3.2044446572019604e-07,1.1764064546147598e-05,4.1263686695514794e-11,3.956899949108824e-10,0.9997981443605071,9.351878827559727e-08,1.5419862243248168e-10,0.00018915780226316426,5.178691731059614e-07,1.3491040668926929e-09
4,4.730298560540412e-05,0.03185118722844736,0.00040374556727407055,0.00026805733138939334,0.7534716894644742,0.0004522439095675769,3.223909222748819e-05,0.04563584750202451,0.16162318341214854,0.006214503506841356
5,7.745426579679318e-09,3.732179804748899e-06,2.4527583361766225e-11,2.5750670504150024e-05,2.040133867552275e-05,0.9988944366275104,4.066135897945879e-07,5.590902400742037e-05,1.5278220360687243e-05,0.0009840775555932317
2,2.3820023315103977e-08,0.0010420606182024916,0.982218257722222,0.015667329530608082,0.00011366431046054333,8.614120468702196e-09,3.5611265885865825e-07,0.0002053779189703781,3.372815985448755e-05,0.0007191931928793866
1,5.39499694876965e-10,0.9992117811474135,0.00026598108347794237,0.00037337777282145715,5.485907358060334e-06,1.2299078857483711e-09,3.49813551120381e-08,6.167540656031736e-11,5.2396975637441365e-05,9.094030085360796e-05
5,1.61864201317627e-05,2.2964572216020927e-06,9.408330971163218e-12,0.00820801471114722,2.05037802922733e-07,0.9876963049443509,1.4362252584025198e-06,4.654721736509649e-10,1.0744325369363831e-05,0.00406481140383733
0,0.999867977519461,3.856415015618268e-08,6.5152822405359575e-09,1.8618279334119544e-07,2.362015792083246e-07,3.672593465991545e-08,1.4037445127622293e-08,1.6428527945718355e-05,1.564710276505383e-05,9.942862264358895e-05
4,0.15050189192355806,8.52080482366314e-05,7.309545751308309e-05,1.2059788304247197e-05,0.7851308238511008,1.6604739539927653e-06,0.019883557776745994,6.079074172138645e-05,0.04425074422271812,1.6771614788440565e-07
0,0.9998417014875236,2.0948729238660093e-08,8.19009619109401e-11,8.63741365557896e-08,3.571838212236458e-08,1.273970639576294e-07,1.6689966264252093e-10,5.351192385912678e-06,1.5937134941707145e-06,0.00015108291948377146
3,8.450299137319317e-08,2.657793717925312e-07,6.835839517817197e-10,0.9997892696666516,1.2932431349630147e-09,5.602932592008844e-07,1.3558226220219958e-11,1.365878462822678e-09,3.2645341682624008e-06,0.00020655186729399316
5,1.4979482494406326e-05,0.0015419915800557378,4.809423449901547e-10,4.15068385351553e-05,0.04689501076173284,0.9506882040498915,0.00013791187711028542,3.9027212561957654e-07,0.00048179939517162653,0.00019820526194038617
2,9.9689257398859e-13,2.193702193662895e-09,0.9999930993686434,6.207563456750089e-06,1.4452642539771915e-07,9.112202749708766e-16,3.1509955924492714e-09,9.618050633824894e-08,3.6209256988685804e-07,8.492270261494976e-08
0,0.9997090717503457,9.126992924182576e-10,5.650155079931904e-11,1.4477655159539117e-07,2.2091282425878422e-09,3.193536160172222e-08,2.5366697793222954e-09,7.176760690948159e-06,1.3941535381832907e-06,0.00028217490851303824
3,3.362990816574783e-05,0.00033216748355765563,3.1367523902994995e-07,0.973035757970051,3.2350975058932156e-06,0.018268930043263274,5.883800289260744e-07,2.320340584321549e-06,0.0007417979783439209,0.007581259123260366
3,7.445992431559316e-07,3.0505302820359874e-07,3.374606799879713e-08,0.9795424592397705,1.234025324495383e-07,3.998888778268829e-05,2.527232873700138e-10,1.62928988963526e-05,9.722234219120882e-07,0.02039907969653358
8,0.032564147630495525,0.11988990184009904,3.924101971839965e-07,0.002471430360961079,0.005887993448976817,0.5217383376618999,0.00018221903273911625,0.009825149617274511,0.007214823144795921,0.30022560485256083
3,7.040059793111875e-09,3.4064255452394e-06,0.016653305773992853,0.9252054356940521,7.298795294784786e-07,2.8517439121308345e-10,1.433599957423676e-09,2.6392452882003233e-06,0.05808953039992648,4.494382283155403e-05
0,0.9999760011079437,2.9547032968573044e-10,5.83344663172017e-12,5.451999114970573e-08,1.906923038035335e-09,1.716505757029505e-08,5.523949563005958e-09,2.0191689648777702e-06,9.189968100032273e-07,2.0981309056153893e-05
8,0.00010756239749085505,0.4957990558257284,0.021459162485907925,0.07076905667187862,0.0016118086608859854,0.00014497545945641873,0.00024414131504264683,0.00027267226263049624,0.40930422659346066,0.0002873383275180936
8,7.777339488893951e-07,6.309869683395786e-07,2.9477946050831643e-05,1.6670719919377514e-05,1.3272332609934183e-08,3.506284760538316e-07,0.00014184510921233412,1.0667588858629594e-08,0.9997938237515046,1.6399183998207722e-05
2,1.0423657590050696e-09,4.571442071222331e-07,0.8331773879875478,0.16393898891642938,4.799354997986944e-06,1.8210469246497005e-11,2.9283051163575497e-08,3.058906882903466e-05,0.0028015486322447124,4.619855211648726e-05
0,0.9999832500598654,5.406591123151473e-08,1.1695137780646163e-11,2.2580562545346484e-09,8.586879319021556e-06,4.539710807618067e-09,1.3084791610666986e-10,2.2644108043030473e-06,5.597772133826188e-06,2.3987165608222166e-07
4,2.1891398236299935e-06,0.00029674366102309317,7.9909026189939e-09,2.0333096722556e-09,0.9996124939434277,1.746520625437911e-07,1.3872490199421126e-05,3.5269739040878866e-08,7.448077721600095e-05,4.229649442848864e-11
2,5.620344619371442e-10,3.774692286701105e-09,0.9994177011517209,1.7374815589377237e-05,4.125472945850487e-06,1.8693798741502505e-13,1.6581087269985623e-05,6.759949992102569e-08,0.0005438538232505796,2.9171280993737063e-07
3,2.683261179856602e-08,6.418958424193549e-06,2.6767932824333348e-08,0.9989585910773443,3.607754779596288e-06,0.0007424924668495496,9.457110532431203e-09,7.3336467116794866e-06,2.9105634016828435e-06,0.0002785824748339967
6,5.549913324915942e-07,1.6734961033196717e-05,1.9581154723764753e-05,2.497558410971767e-07,7.117179425647076e-05,0.00015231073163307453,0.9987854905085695,6.355987529166797e-09,0.0009530887664098409,8.109802131015927e-07
5,6.722667681466895e-05,0.0012529735724989752,1.8179307716376545e-09,0.0004322587481209058,6.748677617808032e-05,0.9925459394316505,9.243663333068265e-05,1.8109630240919029e-06,0.0004068581326077069,0.005133007247843566
9,0.024833740468536175,7.332650807608897e-06,2.7248149291042624e-07,0.00019600771117637815,8.839953158140229e-07,0.00010927665243669156,8.375220625153723e-07,0.00016108259138771273,0.0026957925481375556,0.9719947733786466
6,1.736410331425448e-05,1.9831174926882393e-07,5.825899446324702e-07,1.1804452642494178e-06,2.8785128541811475e-05,2.6379224143227856e-05,0.99898794887176,1.1938892047367749e-08,0.0009374094400096814,1.3994638069309596e-07
3,3.3938725435980115e-06,0.022894364214972793,5.688834429511697e-05,0.7206350530301214,2.74593733994697e-05,1.767949363482193e-05,1.173778229527597e-07,4.39420512406227e-06,0.2562898345143487,7.081557373697952e-05
0,0.9977226474431563,5.192770914636096e-07,9.199042874342513e-08,2.9911502700078337e-05,1.400621184455461e-07,6.4925360454992746e-06,1.028128816610242e-06,7.214961060382169e-05,3.1557552017583163e-05,0.00213546189702109
0,0.9999978006831338,6.727981763936563e-12,3.5788907843430276e-14,2.685082754065553e-08,3.09520955890601e-11,9.238218602543101e-10,4.610289090819877e-12,4.5398200876121135e-08,1.563293804735477e-08,2.110468751758788e-06
6,0.0001471032526924497,8.700612882190273e-08,1.0722073260185856e-07,1.346460200164042e-07,6.160875046890554e-05,2.3439954296073016e-06,0.9933167225468499,1.2826682777109095e-09,0.00647184134022302,4.9958786490574804e-08
4,0.000341084976210083,5.019021149609294e-06,5.1357970509321904e-11,5.556140172684015e-08,0.999547827909042,9.894857088155888e-05,3.1809253873175844e-07,2.346472769201204e-06,4.2406276473042616e-06,1.5871700178037234e-07
6,0.000958407532401685,4.004947484151517e-06,8.638672620220615e-07,1.9177657509474502e-05,0.0005254529581831507,0.0006464634916291621,0.9928894655099958,3.191181312731054e-07,0.0049532338047350724,2.611112668207949e-06
4,1.2922089749582906e-06,0.041611272780461596,1.2384727638207658e-08,4.1539092657106817e-07,0.9535676591226021,0.004793503216809842,9.859977183537128e-06,1.2609222081605822e-06,1.2475119251632442e-05,2.2488768537023576e-06
4,4.2400260585855135e-08,3.648987768618859e-07,1.4300175138235799e-08,4.89740036798936e-10,0.9999965336685737,1.5921996065425018e-12,3.856720598044536e-09,2.6824311455075436e-06,3.5795137123743815e-07,1.6440886168623253e-12
9,1.976496268138749e-06,0.001272883885373277,1.2891631329675985e-06,5.161470128794269e-05,0.000671629169599948,2.5373095133020266e-05,2.9665602659844764e-09,0.0014300212555005232,8.470199600289906e-06,0.9965367390675436
2,1.4142404061629852e-11,4.472524295622054e-08,0.9999010843400973,2.9941503968141392e-05,3.036149604503723e-07,1.3812069446047877e-13,7.743307654595816e-08,6.51242130760363e-07,6.65394115464492e-05,1.3577146969074553e-06
6,1.106334336479183e-06,1.1862931758634873e-06,5.430897722016165e-06,7.64164284373884e-09,5.146374584384966e-06,1.1449812179756111e-07,0.9998176731939149,7.73889313046007e-10,0.00016930930318664444,2.4689425899760143e-08
3,2.346203487958244e-08,1.0760224886454344e-06,3.979687566186899e-07,0.9984253903978091,1.2273764141394458e-09,2.699034374569382e-06,4.920177513081379e-10,1.3211007883300397e-08,1.0970766875611914e-06,0.0015693011074465106
1,3.462035533582708e-08,0.9989224484415994,4.226040231403469e-07,5.311535700397806e-07,0.0004850301827612905,0.0001849416473489464,3.3485611410087875e-06,2.930418764586217e-06,0.0003930949218494245,7.217448586946679e-06
2,1.3442966523148992e-09,1.2036553931072186e-06,0.9983912786295945,0.000748726618966768,2.1755100778754867e-06,2.9021360529980273e-10,7.655519779514325e-06,3.2297269236462964e-05,0.0007796248883115217,3.703627412983076e-05
7,1.1557630199411775e-06,4.398585512182678e-07,5.133657719413977e-10,1.0198004226019528e-07,0.0017561622628389573,8.412225172297365e-07,2.46847106857138e-10,0.9982397274518505,1.2645702180305297e-06,3.061307490247129e-07
4,7.127901603721506e-07,3.680870799974164e-08,9.926902123558027e-08,1.7449673782452082e-09,0.9998956052878468,6.335361375229887e-12,4.105480885664705e-08,0.00010125696946727808,2.2459301710465333e-06,1.385136364427921e-10
8,2.6145917551934693e-06,6.658731604517721e-07,2.413850578672999e-05,5.576625001181973e-07,0.0001378083275866267,5.398317074103452e-09,0.0005591448709715847,1.1149706737277195e-08,0.9992747751129066,2.7850730862434994e-07
3,4.7831770875216204e-11,2.217253970536035e-08,5.217063280295383e-07,0.9999829474519039,2.1816413524503617e-10,1.7929650868561265e-10,2.5034859923009956e-13,3.12462170479008e-08,7.467965290376197e-08,1.640229781571958e-05
9,3.8844853698423323e-05,0.0016829255490826524,2.659547805394449e-07,2.530416803430467e-05,4.472669548199149e-05,0.0035762485382043363,2.8880020205805565e-08,1.2295866725506124e-05,2.5746424670207217e-05,0.9945936130693019
1,5.973743941661786e-09,0.9906845977025033,4.398126938675911e-06,2.278140027790294e-05,0.00010086578830281548,1.6112602224908014e-05,1.821643586030256e-07,2.245554177042951e-05,0.009133735909939907,1.486478993971397e-05
3,4.607241779954517e-08,6.5001433071861705e-06,9.300637640719316e-06,0.9949993037306829,7.948839237250989e-08,8.830545920359735e-06,8.704063907225299e-09,1.922684963657807e-06,4.829013940543367e-07,0.00497352509121712
