target,prediction_0,prediction_1,prediction_2,prediction_3,prediction_4,prediction_5,prediction_6,prediction_7,prediction_8,prediction_9
3,0.0,0.02214960058097313,0.021707648113008644,0.8573868288932631,0.0,0.001851851851851852,0.0,0.024974726587629812,0.02590927249463142,0.046020071478642004
5,0.12572295866498645,0.05286250384732009,0.11120748185535528,0.004077029710642889,0.17055611427685977,0.3300844934213854,0.1539190180734218,0.01821464840868762,0.029980747459149654,0.0033750042821908757
9,0.0022871219896943695,0.010313932852184108,0.003115312652325622,0.0045753391289595855,0.0012164940801372636,0.0296663074603642,0.00234383456535945,0.0031201953257912383,0.007142062434271487,0.9362193995109127
8,0.0033670033670033673,0.08702183271830924,0.05239691493979695,0.03689850159656261,0.02022382622401809,0.07213233830691007,0.0006172839506172839,0.2311775777851427,0.4416632482880016,0.05450147282363811
3,0.0015167884775845054,0.05465363331802355,0.10301679228706104,0.6147020664871113,0.0033905216076334523,0.010876768649336512,0.004127086171396009,0.01776910021931076,0.1605296381182848,0.02941760466425816
7,0.008022221003965426,0.008621921153890462,0.009847778813296055,0.027106218239223163,0.21975344241211528,0.04893108211186014,0.023487163434858755,0.38540149546958175,0.22393748659295673,0.04489119076825224
3,0.0,0.0007407407407407408,0.0014814814814814816,0.9204365022850897,0.0,0.0016260162601626016,0.005291005291005291,0.0,0.027590656858949538,0.04283359708257076
3,0.002996730173929753,0.049731418223436276,0.0487738340961959,0.5793654109309987,0.008298620924547648,0.013394021818507892,0.00041829005903454037,0.11860799250393676,0.03233028635178237,0.14608339491763017
7,0.03112597547380156,0.04790330187155584,0.0022675736961451248,0.013051146384479717,0.19173686125736855,0.01933135647421362,0.00422888496962571,0.6754839937849726,0.013748571632169516,0.001122334455667789
1,0.0025468358801692135,0.42886905374061,0.11964872732676353,0.06949234488687993,0.06559494174255333,0.10538596179965883,0.01364448114972224,0.09000102525233863,0.09926898656255151,0.00554764165875277
0,1.0,0.0,0.0,0.0,0.0,0.0,0.0,0.0,0.0,0.0
7,0.0016114094281804005,0.010231115587764189,0.005355080812798775,0.009082135724850636,0.025065115719684047,0.015233519412405253,0.00034009993122142653,0.8453150730190138,0.009918578727414081,0.0778478716366669
3,0.00010339123242349049,0.0040225988953632545,0.005234226411255544,0.9596919704510557,0.0,0.0,0.0001885369532428356,0.0007287503809784383,0.001471425414253086,0.028559100261427703
7,0.002737582111158936,0.00963543432834427,0.0071530121428513655,0.006324155340179231,0.06883486817604335,0.0099768973819494,9.735202492211838e-05,0.8306770883776811,0.013202625269413598,0.05136098484745639
6,0.001606125761319754,0.005181041926514031,0.0027649031226143106,0.0017760940300833917,0.0029876434594288434,0.005953558888264466,0.9746854520156557,0.0002331002331002331,0.004364891817958151,0.00044718874506108553
6,0.003123362330992558,0.015560881033286674,0.00307631690610414,0.0054869684499314125,0.014725677316847315,0.018188246402793002,0.9323141716353538,0.0,0.007524375924691133,0.0
2,0.0,0.04628241899596718,0.787107229219505,0.016271786492374728,0.03275132275132275,0.03785493827160494,0.049362745098039215,0.004963235294117647,0.02228132387706856,0.003125
0,1.0,0.0,0.0,0.0,0.0,0.0,0.0,0.0,0.0,0.0
0,1.0,0.0,0.0,0.0,0.0,0.0,0.0,0.0,0.0,0.0
9,0.0040550617662339266,0.010111609459737953,0.0022052874771105666,0.01242110928748114,0.0011657731221087386,0.027158334189650465,0.0003561253561253561,0.0034427788668573043,0.003362238555396517,0.9357216819192979
9,0.0169709663009152,0.041093008123307385,0.04697216975593497,0.15082639785290924,0.0,0.011537571246333879,0.0003561253561253561,0.01617763582794795,0.006609574131070825,0.7094565514054549
2,0.0,0.10060359401830496,0.7835278107479992,0.03596962617475471,0.00558682264043449,0.010481821440001702,0.011086408925088364,0.005677197493654471,0.04358216939539975,0.003484549164362535
4,0.005676048341168538,0.05164382473327945,0.009123233646731104,0.007897219050829024,0.8064416223597745,0.020288015483384547,0.008040455998933185,0.05817058002745069,0.011245608474662895,0.02147339188378602
5,0.000416539479039479,0.03706490711550294,0.03099843012407707,0.02077878779691673,0.0252695063949611,0.7315534581106085,0.016466880460756433,0.010559300446995675,0.10929785550152535,0.01759433456961678
0,1.0,0.0,0.0,0.0,0.0,0.0,0.0,0.0,0.0,0.0
1,0.00215815958359689,0.4534272515942895,0.1345709070748468,0.050454344597125125,0.0999694377569602,0.10276222776291664,0.01741043358053561,0.08411542321645762,0.04509767063267501,0.010034144200596631
1,0.0007688430647166379,0.653061182807301,0.035585218770234066,0.027581797455530764,0.03208069087245269,0.01367612098739455,0.007290446221613529,0.12449860990888958,0.0974128484678776,0.008044241443989424
8,0.0,0.00957282552753474,0.01193373901284652,0.013032088181666556,0.014189850126358062,0.00196078431372549,0.0026184058529072005,0.010494673341034527,0.866113579044583,0.07008405459934412
9,0.018288243612128368,0.05098111911516193,0.09068701038650447,0.02875442306272572,0.024798066332624585,0.01049467380742685,0.021717457979444958,0.027971033933052617,0.1720427532877347,0.5542652184831957
9,0.006446380620231195,0.21269460920735522,0.007208174344355337,0.0068672306224717115,0.04232349908826091,0.017394793281318103,0.0,0.01780031417854016,0.024177353703725268,0.6650876449537421
5,0.0019677675944820075,0.11286682888840929,0.12380815130361726,0.1098372934278095,0.026360468173196174,0.43743699890193144,0.018797448423563193,0.009247382293915892,0.12984272038130618,0.029834940611769133
5,0.0,0.1575936981567617,0.04622201607634831,0.21749705960111884,0.03704119165248131,0.4087144016389133,0.048716316143192565,0.021597237285921382,0.025683270521748104,0.03693480892351463
3,0.0,0.19321866883087294,0.07550069044235148,0.49004901896036185,0.009392832236411248,0.08921201030098455,0.008097590222921789,0.0216363361262726,0.027263650843554706,0.08562920203626878
7,0.0,0.0,0.0008130081300813008,0.0037037037037037034,0.005133689839572192,0.0023391812865497076,0.0,0.9702797017770224,0.004610034773969199,0.01312068048910154
8,0.02598874252112501,0.05798860087768647,0.057020376042514996,0.05850833134025818,0.03994053687721697,0.01973878640367755,0.018266029712181144,0.04565638928178508,0.5816565222285711,0.09523568471498371
2,0.01594957296943571,0.11002892469655046,0.2502854708149486,0.026617859844575837,0.08201237901783297,0.019578275918360366,0.02212022352068881,0.12443216554577578,0.3382128394988844,0.010762288172946962
7,0.0007166230671447239,0.017511133571818566,0.009652192678192196,0.03332248627680273,0.02017850454354965,0.011587875258054622,0.00046470386248196086,0.8715166098677657,0.020522716887351584,0.014527153986838274
5,0.05209855549682599,0.07698316651526947,0.049598893669547874,0.0037079450434731155,0.15780192852670719,0.4769830148992723,0.11743947494180819,0.023713876632858892,0.03198426323369644,0.009688881040540684
5,0.15051839004519102,0.012744472200744345,0.007618291505766217,0.024367722298563946,0.041494444497511905,0.30368014060959786,0.056910901438808795,0.06544316202056638,0.09670783309084131,0.24051464229240832
1,0.006455226741498699,0.6448763640078714,0.013475466118220389,0.03241536890955281,0.10028593384520414,0.014591604373939228,0.0007407407407407407,0.04588291279223591,0.07325287910136014,0.06802350336937679
0,0.9300411522633745,0.004920379316514582,0.023617820719269992,0.0,0.008230452674897118,0.0,0.00322061191626409,0.004115226337448559,0.02173913043478261,0.004115226337448559
6,0.0,0.0,0.0016260162601626016,0.0032520325203252032,0.0011494252873563218,0.0028381374722838137,0.9911343884598721,0.0,0.0,0.0
6,0.0005965400676078743,0.008534039526831487,0.008858151986900042,0.005845851271000679,0.007602640415993186,0.03071986925285675,0.9294387706631598,0.002007097978492559,0.006049420874996342,0.0003476179621609301
4,0.0014814814814814816,0.0433395580454404,0.0013333333333333333,0.031160493827160494,0.2565132634618284,0.0029307568438003222,0.0014814814814814816,0.3421464443484904,0.22406653197559703,0.09554665520138665
0,0.7622209197792241,0.020974825975257037,0.014249071032515945,0.008472809082134956,0.023149800998741983,0.013340122297033274,0.045011833514518165,0.002281928597718071,0.10274935543956949,0.007549333283287005
3,0.0,0.015119825708061002,0.0014814814814814816,0.9165149336576387,0.0,0.004240395345129921,0.005291005291005291,0.00522875816993464,0.005368434636727319,0.04675516571002174
1,0.006455226741498699,0.6654691860103773,0.001763668430335097,0.022891680470428583,0.059220807838382516,0.029262829438268034,0.0007407407407407407,0.03782777912734615,0.04069914782462782,0.1356689333779952
3,0.008468379199306656,0.05313019571979425,0.0280855158917999,0.5832942360053244,0.0069105866180480474,0.10476241574895438,8.496176720475786e-05,0.009835890327290686,0.060294685544748546,0.1451331331775285
6,0.0028176105338534175,0.018800254483909543,0.0044570687663302525,0.0017827295249899843,0.00399630546989166,0.0013369442763330806,0.9530066621405416,0.0005894928366008849,0.010902059994588998,0.002310871972960662
0,0.9326298374665418,0.005525445487315514,0.0023837273837273836,0.005530407092907093,0.004006410256410256,0.019150180518715,0.003868258178603006,0.009965616004243326,0.00574925185336326,0.01119086575817345
4,0.0011299435028248588,0.17642325063801204,0.0011111111111111111,0.0023809523809523807,0.7675202232114272,0.01957115704442861,0.010827549283945043,0.012513842746400886,0.007392026578073089,0.0011299435028248588
6,0.0,0.000903342366757001,0.0,0.0054869684499314125,0.0022222222222222222,0.003429355281207133,0.9858456288266587,0.0,0.002112482853223594,0.0
6,0.004259777142059901,0.018321164942678634,0.005368883237500686,0.004305126893578162,0.0024305548888438407,0.007699137755880079,0.9487525260830381,0.0009363735582026637,0.006422741144036204,0.0015037143541816438
7,0.0,0.014358974358974359,0.0008130081300813008,0.010883190883190884,0.003593073593073593,0.007467386414754836,0.0,0.9420767282799312,0.005635675799610226,0.015171962540383591
1,0.006699374140924338,0.6045724783514611,0.04766187776118001,0.008030691474044676,0.0729601739750181,0.029785126215433548,0.02371828936676672,0.07819104367450498,0.1012941983702431,0.027086746670423347
0,0.9415983059495487,0.00046490004649000463,0.0062670875780604565,0.008171144786818529,0.0,0.006025977981684228,0.000939049781788907,0.0048502121451002665,0.02217583488291545,0.009507486847593496
8,0.0026455026455026454,0.250091408952903,0.16546720025167844,0.04164164558389926,0.02902526602988902,0.0013227513227513227,0.07907035074688122,0.016153980253252827,0.40935681608254376,0.005225078130698491
6,0.0,0.0,0.0016260162601626016,0.0032520325203252032,0.06781609195402298,0.0028381374722838137,0.9244677217932054,0.0,0.0,0.0
1,0.0020758226671143735,0.6792668015661653,0.07029134596140033,0.031275607080187444,0.04298907236488666,0.04215939455454023,0.01344533157664087,0.04693305373181493,0.06502293867991306,0.006540631817337064
9,0.0006385696040868455,0.09878597191665993,0.029733505224220667,0.06442868836379609,0.061728630462797925,0.07465221156623576,0.0,0.2641209223093232,0.23779990581925656,0.16811159473362305
1,0.006455226741498699,0.6713527374286892,0.010749128669660716,0.04120008213871048,0.09888535397240206,0.01115064204408801,0.006438746438746439,0.031191554767544552,0.08027300917704576,0.042303518621614265
4,0.012924438175940868,0.22761972456168236,0.00507381497498192,0.006616790438501492,0.6005473152932764,0.0115505345536184,0.01264780523806464,0.08505470181029776,0.03096840653271137,0.00699646842092483
2,0.0,0.03277751703518287,0.8817851108826809,0.03400827297886121,0.0,0.02072832636558127,0.01380718954248366,0.004963235294117647,0.008805347901092582,0.003125
8,0.002069696616609207,0.061553618580321955,0.26749353912477114,0.026562548267959847,0.019745877627014578,0.09023259595327018,0.09418843849380519,0.01548401822575629,0.4148565948675947,0.007813072242896804
4,0.010303538368941685,0.010251959847696005,0.002602495707230995,0.0022996062205240253,0.9156719875505529,0.0071076841389607,0.009052219238464419,0.029052461448525118,0.00899517171823631,0.004662875760867966
9,0.006813335981637168,0.0517508469584263,0.13494348625878208,0.062076131889644254,0.041317271693490816,0.25055243306394326,0.0,0.037537639005144244,0.04595225029706041,0.3690566048518715
9,0.001397624039133473,0.053713524987014725,0.014999148340476555,0.007905000812479093,0.2203537603690809,0.009700176366843031,0.0,0.27698287353030454,0.10621752842268099,0.30873036313198665
1,0.0046533713200379865,0.5435655775360728,0.03558365828232571,0.003565886990295005,0.20106516753497378,0.04444444444444445,0.008953654269558409,0.05953752076408995,0.09741404324539105,0.0012166756128108786
6,0.006156971778730252,0.00518658994338355,0.021193895231872147,0.004218217331062906,0.0230814418990988,0.010615182820106785,0.898812695558072,0.000559290408395723,0.029865253369443744,0.00031046165983404476
2,0.0019016930781636664,0.17619790796253026,0.5339891052643683,0.06782321460264666,0.020712996135052373,0.05853105624807148,0.03397102851526886,0.008942135324506932,0.07636258730425695,0.02156827556513464
3,0.0,0.0029942017959447152,0.0031126802572881006,0.965723114742243,0.0,0.001851851851851852,0.0,0.0,0.00489631892866113,0.02142183242401107
8,0.0010712599744293967,0.11617075041612941,0.08385141824965314,0.0895183754751339,0.08874016056465292,0.14023115543304146,0.0008428580067731011,0.24003209208501622,0.2055845324716028,0.0339573973235676
2,0.0014019032565949613,0.03263690812757051,0.6964515613302571,0.03083716651880271,0.006361668215094627,0.00703102433926467,0.008238100026195641,0.019544553259315506,0.196280767656673,0.001216347270231761
1,0.008460465097133338,0.5017754655970004,0.03133389473761548,0.010937029339325038,0.1393176678585631,0.05213933118022483,0.036315287456976625,0.06890163199786918,0.13292851964261695,0.01789070709267493
8,0.0035110151703394298,0.3696052658231302,0.2110811478294859,0.056602191089566385,0.04197022036048705,0.009811171636943375,0.013719434512950022,0.012761874950213007,0.27698473673344626,0.003952941893438407
4,0.00486111111111111,0.13315635345047108,0.2413265505294491,0.008295454545454545,0.41572236543570723,0.0235702614379085,0.05183823529411765,0.07150616043518856,0.028794469478612698,0.020929038281979458
4,0.02012889720368825,0.0062533881172723675,0.006488272500585546,0.002227466558137645,0.8989675704230307,0.0014628631287512239,0.0072304305281457116,0.02589349966326469,0.02431499789697353,0.0070326139801502804
4,0.003407483394571986,0.03197792751175978,0.004377450422402572,0.004705838186504665,0.6514043489701439,0.02656618213586806,0.00158027060167293,0.2202159394776991,0.02003268803372584,0.0357318712656513
9,0.001288118242351762,0.0447654004699225,0.007146485920953023,0.018398017963051648,0.003067164364363754,0.04042547626532852,0.001831706021561594,0.015016822794592065,0.029635615088453478,0.8384251928694215
2,0.0010619586255266103,0.014966233560405285,0.9174475248246734,0.018842312323603026,0.003135087765686931,0.0047618024476244955,0.0008406549721787663,0.0061478319419782,0.02932069341042002,0.003475900127903427
7,0.0019870536911264828,0.015583396121377768,0.008881887226625368,0.029914339205033422,0.05463173782285922,0.004030257122505969,0.00047692514166113785,0.8521682705756776,0.019502047251836872,0.012824085841295864
7,0.016790123456790124,0.07768487626908636,0.0039423176678078636,0.0049451879517238995,0.2540472496184697,0.04799749901199178,0.0007407407407407407,0.39957178306369795,0.025925037804122766,0.16835518441556876
1,0.0,0.7417230119388679,0.0542427492072518,0.010882920799703544,0.015758633176151803,0.0058253557614988015,0.019217814529083242,0.02874024634052341,0.12239259263410872,0.0012166756128108786
9,0.017377966707915606,0.00927109086343921,0.026164718663259146,0.054149507603075124,0.0001519142957499122,0.014502020986776106,0.0003561253561253561,0.009264132007225149,0.00281449162108668,0.8659480318953476
5,0.01418470658850469,0.004115226337448559,0.0,0.0,0.06811835648887711,0.7950977529622031,0.022408963585434177,0.0021786492374727667,0.01356108982545764,0.08033525497460195
0,0.8937648640324954,0.013950268916988556,0.002222832583639697,0.004867764495281338,0.020960319673773122,0.0038414864158649786,0.013153685124384184,0.0009324009324009324,0.04015394409154728,0.0061524337336245
5,0.0,0.03557925117212012,0.0027286490266542097,0.012588423348189302,0.021228553939011414,0.8580269401258898,0.002032139233490207,0.018772331641140626,0.0269630277802956,0.022080683733208175
0,1.0,0.0,0.0,0.0,0.0,0.0,0.0,0.0,0.0,0.0
2,0.00013935340022296544,0.04846390715727455,0.8295427185598413,0.03634826176996041,0.0009363773731589823,0.007029474028175986,0.003122883457871051,0.001594669698117974,0.07064113483795091,0.0021812197174260373
7,0.0,0.0,0.0029635457644899025,0.0130348913759052,0.09374118921187925,0.0,0.00561963916001183,0.8457277235355324,0.014973617012787521,0.023939393939393937
1,0.0010551482351965687,0.7904174638125421,0.05961231242296236,0.007313972727704536,0.013340729409315584,0.0032051544130402673,0.017314820452266882,0.011372128443783802,0.09410735100076997,0.002260919082418291
8,0.025607772570182635,0.06961223767775303,0.036521145899119145,0.06645237921158383,0.035471316461928006,0.021635317330081148,0.04744271129524005,0.014149455098370184,0.5134987226834891,0.16960894177225305
5,0.0023809523809523807,0.194532405609976,0.0064516129032258064,0.009552388097024255,0.05334081541329193,0.6957842474532998,0.0063025210084033615,0.003586800573888092,0.023006697052414364,0.005061559507523941
7,0.006727493749253023,0.05822923152460997,0.050535063547108135,0.03703819313567963,0.04917775102129019,0.007137300840741917,0.005944373852121817,0.7272517108604135,0.04188426168196449,0.01607461978681729
2,0.5312204192021636,0.06449772708910066,0.03367129328417552,0.006896551724137931,0.010818120351588911,0.0,0.0,0.06458468878768163,0.2121617742737954,0.07614942528735631
5,0.0038417632709567403,0.09478752033306895,0.0672129785024389,0.13470476950242347,0.025213425775292335,0.5306674841152664,0.03097648193445432,0.008471428438868259,0.012492635840850294,0.0916315122863802
2,0.0006988120195667365,0.08994358703721075,0.3951253946727898,0.03470129904879883,0.035294871351516224,0.01649190107178053,0.06906847556636425,0.017128903646884967,0.3333371769849872,0.00820957860010076
1,0.004656284942556901,0.6608470193384541,0.00525772852816878,0.01944494737903837,0.042554141171715854,0.023406093581532176,0.0,0.03099437028135869,0.03087862702371486,0.18196078775346042
9,0.0008276003028138041,0.041079414768214376,0.05733616458607731,0.19436341138307073,0.015926223693852867,0.010184524479124442,0.0013913772044386468,0.068918590541281,0.02590450171016488,0.584068191330962
1,0.012370485458729331,0.47083720573503796,0.08997831498212981,0.024394860052139648,0.03929649277974319,0.03400185923014449,0.04365639648609754,0.010498824550958926,0.255278648956291,0.019686911768728027
6,0.0,0.008437217705510388,0.005555555555555555,0.0,0.007696476964769648,0.004915824915824916,0.9733949248583396,0.0,0.0,0.0
9,0.007615193701920089,0.2529428826256074,0.011512224192465404,0.03478620642390995,0.10995351601181193,0.08363130129911324,0.0021922234200794258,0.08546388962486819,0.0638519878698876,0.34805057483033663
2,0.0,0.13087006079027355,0.5857055142782094,0.08914466771736276,0.0,0.004920212765957447,0.0,0.023985890652557317,0.1639552140793276,0.0014184397163120566
7,0.0,0.0072113720039987325,0.0022675736961451248,0.008179186183965157,0.027012844165941963,0.0007558578987150415,0.0,0.9121046583474082,0.02174912985972894,0.02071937784409688
3,0.0,0.015492850093400087,0.02642774410781014,0.8334181795941948,0.003395075107358152,0.07770125883650784,0.012899988701595142,0.006752992617364554,0.018786579426943156,0.0051253315148262115
4,0.004317003708484439,0.0658740179573513,0.0006172839506172839,0.011479963204101136,0.8609568060022573,0.0,0.006529572565182212,0.01745084417498211,0.025724768053950683,0.0070497403830737165
9,0.0028036264644093058,0.021935838673575223,0.016404823864850836,0.024585715783296373,0.018397006191809936,0.012923364579848058,0.0011218661919596498,0.0375290338066957,0.012443298337581139,0.8518554261059738
8,0.030535985183775018,0.03869162428713678,0.07193515452121793,0.021203578762846977,0.041788754246940917,0.008471745325397946,0.022979677490689715,0.01797295758037556,0.7054191532526138,0.04100136934900489
3,0.00017325017325017325,0.0029005203679123228,0.009945421877964912,0.9114323217464128,0.0,0.013556619053295823,0.010124332449383159,0.0006087847701580309,0.01916436847559838,0.03209438108602444
9,0.004103954230347878,0.066985471098572,0.03210990263174795,0.1989464047992905,0.0027524511061931285,0.006183116205657407,0.0013932930842682726,0.014123141130289998,0.03571241285325656,0.6376898528603763
9,0.0030098831985624435,0.004697072185522597,0.0,0.008086145752601047,0.007760141093474426,0.0066785493407772,0.005797101449275362,0.024381693759815026,0.031232758620033205,0.9083566545999386
1,0.003862433862433863,0.30508223774502846,0.006061788180432248,0.20936958051364832,0.03431668102210738,0.012504409171075837,0.004222345268856897,0.07935687625610105,0.12219380128380262,0.22302984669651335
0,0.9259259259259259,0.0,0.050032488628979854,0.001299545159194282,0.0,0.0,0.0,0.001299545159194282,0.021442495126705655,0.0
4,0.00261142498430634,0.17380774060971133,0.0011111111111111111,0.004166666666666667,0.7224248245953434,0.004124765253244095,0.011095082091922745,0.047811017781399526,0.02136243386243386,0.011484933043860912
9,0.01112994730950369,0.18760375144707206,0.033888659018261345,0.08207268826830806,0.05606457828514068,0.20083753879623947,0.004768593544476888,0.12984521026973103,0.12993784929605728,0.1638511837652094
4,0.007489222443910984,0.06617121033684992,0.005593128110314284,0.0029200921991453413,0.7561507858762511,0.04979760922065155,0.08143937319060532,0.018133987117191122,0.009941001650083263,0.00236358985499716
7,0.0,0.026818170263606087,0.0015760441292356185,0.006818783068783069,0.028949755450651506,0.0,0.004480468310255544,0.9213053223227549,0.007283031464065948,0.0027684249906472134
5,8.902341315766046e-05,0.06926918560781865,0.018322978994792075,0.04241609347212451,0.007839906611940894,0.7247955242869538,0.0018363502396435316,0.0680108711577819,0.055442250539496286,0.011977815676290306
0,0.9822517966341453,0.0025022561325785545,0.0,0.0,0.006368305412436435,0.001709191347389723,0.0008336890433007031,9.095870474804438e-05,0.0018269096897546638,0.004416893035646562
7,0.005614450842911088,0.041147921765049326,0.010132266570457094,0.027365742755307686,0.09133300159500359,0.03139176839271621,0.004179360224713887,0.49393563355324027,0.05918674122307098,0.23571311307752957
1,0.0027135777497131427,0.5617840424685039,0.031567090458019476,0.02819463779123571,0.042598577611095846,0.017198949094786312,0.013216595974878674,0.1252432456470923,0.15923000951662566,0.01825327368804868
1,0.0,0.7179229843504628,0.03267340126174086,0.017100527750309243,0.03174134790528233,0.006080313241896104,0.0,0.00646698147218515,0.15992933763514489,0.028085106382978724
9,0.027008603299231743,0.0006172839506172839,0.007199761478374107,0.008821959113827068,0.0,0.021843832535455267,0.0,0.0019085107651935348,0.002586071195664396,0.9300139776616364
1,0.011940204490990295,0.4818395787260701,0.010026056196452665,0.022919704827545257,0.09576737750215542,0.04621236526835226,0.027115967922910895,0.0699029214500033,0.03769917073905001,0.19657665287646958
4,0.08112994350282486,0.0,0.04,0.0023809523809523807,0.8435441051211132,0.01847826086956522,0.0049601712460960795,0.0059740259740259745,0.0011904761904761904,0.002342064714946071
3,0.0,0.003190164954870837,0.0033882534495279595,0.9582244619889607,0.0,0.001851851851851852,0.0,0.0026455026455026454,0.00859206162903346,0.022107703480252497
6,0.0018924078907354013,0.004074599198357725,0.011653805928994353,0.0011661494996726297,0.007435526084594906,0.008923488305090361,0.9588386524878267,0.00035633822244700904,0.005348570722446615,0.00031046165983404476
4,0.008205042507884256,0.02040993751640074,0.005513606648248849,0.00452507641879895,0.7934956180742339,0.014769339024979676,0.01204916604622003,0.09762652972598437,0.03144890485039221,0.011956779186857449
7,0.0007166230671447239,0.01666212045440754,0.0055642085196326635,0.0327431350165606,0.01591625282422103,0.0054007212059634544,0.00017942428849945802,0.891469700097478,0.017607366230950525,0.013740448295142088
5,0.0015151515151515152,0.07667019178586056,0.0064516129032258064,0.02899907777261482,0.21600051343884363,0.6255076902148452,0.010847975553857907,0.0067226890756302525,0.009413120086744376,0.017871977653225953
4,0.008840814495830126,0.05379608188873739,0.0028848576467624086,0.0,0.6523026424146252,0.037602961412485224,0.013986104029213471,0.20855213354134355,0.012484252960443434,0.0095501516105592
4,0.001397624039133473,0.08909960474614079,0.07965545682879867,0.05558503039733112,0.1251364072373446,0.08470260209281676,0.0,0.26907885451796865,0.11916899449856808,0.1761754256418978
5,0.02222222222222222,0.03617569212956485,0.0012578616352201257,0.013987784519324366,0.00539960116582298,0.8706418091074378,0.0,0.00539960116582298,0.0357422173804132,0.009173210674171471
2,0.04726451900306218,0.08629232592040964,0.12927930250381248,0.1949407210011084,0.011338719838171528,0.005063078245426287,0.015541322812499349,0.05928218051914566,0.03913853260209264,0.41185929755427164
1,0.0006105006105006105,0.38053384222303277,0.09995921699130969,0.27350497383382477,0.028451065756483936,0.03543951784261793,0.01320839507402476,0.015726205611716036,0.04994897824046725,0.10261730381602238
5,0.0006385696040868455,0.0021652421652421654,0.0,0.0014529914529914532,0.0,0.9525905023483895,0.0,0.00962962962962963,0.0029059829059829064,0.03061708189367764
0,1.0,0.0,0.0,0.0,0.0,0.0,0.0,0.0,0.0,0.0
4,0.26652968171804947,0.06601849279106108,0.017656460337195198,0.004182110047133684,0.38649909232033547,0.06981033148429046,0.14347678630748548,0.011111723888707958,0.01878797094314941,0.015927350162591666
0,1.0,0.0,0.0,0.0,0.0,0.0,0.0,0.0,0.0,0.0
3,0.0027742215788391215,0.017240553542785007,0.0018596070179564767,0.8370640676034535,0.0008278390776344951,0.038165466377555496,0.00025673117037322297,0.0029519531050119746,0.02799913069214197,0.07086042983424891
5,0.0022755525472916774,0.07357743492976092,0.005195471794893081,0.006467937856449444,0.049030731332207034,0.7664928183906249,0.01882295585898454,0.019647393709380824,0.04326617494335034,0.015223528637057135
2,0.0,0.011923758865248229,0.9264451508245835,0.03347722722722723,0.0012345679012345679,0.014988947280613948,0.0,0.0010416666666666667,0.007763681234425916,0.003125
0,1.0,0.0,0.0,0.0,0.0,0.0,0.0,0.0,0.0,0.0
3,0.0006385696040868455,0.10632151770595707,0.11134762524549657,0.1378832417291086,0.022215841056420767,0.4950946892464241,0.03333333333333333,0.005266338599671933,0.05324540462221621,0.03465343885728465
3,0.0,0.060117776805329017,0.022524739894490567,0.6873369675412783,0.001511715797430083,0.00660381111508931,0.0,0.08111209381522261,0.038188461412600384,0.1026044336185597
8,0.2067806077144871,0.1713046610068954,0.03779849942685905,0.010204872676654956,0.06866277637647557,0.14091027171505305,0.04505586847567603,0.10003754847427605,0.15450012762361376,0.06474476651000896
3,0.0,0.06427563995779888,0.24878440604733706,0.2758652962757161,0.00404040404040404,0.048484848484848485,0.0,0.0029863855950812476,0.3364700563679199,0.019092963230894267
0,0.8525628207915505,0.0016450757967773433,0.011139911712454703,0.004020555422424581,0.0067034350671230205,0.003159434219126712,0.0020259958409032442,0.003599367670817776,0.02956576791877173,0.08557763556005042
8,0.010352970824088339,0.12773479463008863,0.07440877249889186,0.1742628151613315,0.06796884468393002,0.01098060296044465,0.021503841642252997,0.07753160149375803,0.39448635642312563,0.0407693996820883
8,0.0050311770335860085,0.038862528589901746,0.058528491028709384,0.0365626340898348,0.012134362764100936,0.00712819244987975,0.008749630035778506,0.011429132284137528,0.7447231157223222,0.07685073600174938
2,0.0013172644034538617,0.07804924154476076,0.6496363764819587,0.10111296427887423,0.011123006888625277,0.006221994677403445,0.010078502952500729,0.01361521749787459,0.11685550811462801,0.011989923159920292
0,0.8192592592592592,0.011111111111111112,0.06437389770723104,0.0,0.054385121051787715,0.009417989417989417,0.02455026455026455,0.012255892255892256,0.004646464646464647,0.0
4,0.0034287940775375022,0.10846605876393109,0.002301587301587302,0.059291521486643434,0.7301494447488519,0.009713044174776723,0.006637410134250787,0.0012578616352201257,0.0527544955745124,0.025999782102688686
2,0.0007814720090934924,0.10433727808435257,0.7348612148128787,0.04492087390707782,0.009010142248394212,0.018360263459126728,0.016501469546842867,0.005135444956256069,0.06281787540475507,0.0032739655712224905
3,0.0008496176720475786,0.020572451572045757,0.0222247856870256,0.7812621941358536,0.011075000322095435,0.002418957669703659,0.0,0.10998539646548096,0.02265959165030509,0.02895200482544235
6,0.006667335974345054,0.05283301345843838,0.01189396846135643,0.004834235620189745,0.03343560676866848,0.015473248258510802,0.813349565285099,0.012745732093308565,0.027131924935651214,0.02163536914443275
5,0.0032533831354087618,0.058595209044339354,0.0082033255973223,0.1361332661053045,0.025860554969479067,0.5079681900620522,0.0005433511065003684,0.03224675388851639,0.05874618121754448,0.16844978487353246
9,0.1874339857098478,0.04820549760848268,0.03627635024186748,0.004100652376514445,0.06133393829401089,0.1048467606362343,0.010621147463252727,0.06798964624676444,0.21728502037809314,0.2619070010449321
6,0.001524953440684307,0.0042713685201762365,0.004872977989378198,0.0008491227689120896,0.0011134334165471401,0.005890885881513049,0.9724655287694643,0.0008975127859130058,0.007802689947660831,0.00031152647975077883
3,0.002546645054286616,0.08754155547764021,0.22125563215991173,0.15454167364647237,0.00798147894281512,0.022545857842793494,0.013281988221453395,0.01462274397424259,0.45073955881838096,0.024942865862003488
0,0.8986121657032345,0.001688596338499376,0.010561893804377475,0.00827368316185094,0.0025569502556950256,0.026434006419878864,0.0037107889839840557,0.001997173616341533,0.009366061439795476,0.03679868027634275
0,1.0,0.0,0.0,0.0,0.0,0.0,0.0,0.0,0.0,0.0
6,0.0027777777777777775,0.021176470588235293,0.02051490514905149,0.0032520325203252032,0.07930302005859816,0.0337338593974175,0.8378530456197057,0.0,0.0013888888888888887,0.0
4,0.0012345679012345679,0.02984152000700464,0.012345679012345678,0.0006858710562414266,0.4522759180150669,0.25402563966934727,0.004115226337448559,0.19403746628692636,0.029789210273436242,0.02164890144094831
6,0.006951896553514771,0.010350439807675185,0.005709001114553023,0.0035426920817719096,0.03326288049398953,0.017269004578701484,0.9130394268345053,0.004990902764011231,0.0045361378091164205,0.0003476179621609301
4,0.0021859625426813895,0.09975196722508252,0.014518408699253835,0.02414621165787617,0.30729753046795494,0.4592848460756162,0.021012585325212305,0.03381189835223225,0.01970623341754187,0.01828435623654869
4,0.015014694865886153,0.023872960430575126,0.009716192431060304,0.0042399278917552635,0.8621142408920198,0.0027375558228802483,0.007383869276581875,0.030677037917331215,0.03271132824102381,0.011532192230886164
9,0.0053999219726316985,0.28668530640821466,0.019846331834629544,0.02469059621897109,0.025696442744687707,0.03206561520222507,0.0003561253561253561,0.028567104690613868,0.027821175372399053,0.548871380199502
2,0.012184648416532474,0.009836086134598652,0.6746200945870842,0.02534204813179751,0.0,0.0,0.0059452923962529615,0.009476849954573742,0.2595085606260741,0.0030864197530864196
6,0.002765240327166755,0.02835666260441399,0.014091363826312878,0.0017156458966491378,0.00891128090860898,0.004789439753819035,0.9282171319852793,0.00013354700854700853,0.00984799613289562,0.001171691556306941
3,0.00037306955419679107,0.02979806383527534,0.034744139862044006,0.8370963393729091,0.0004650566839719756,0.013609782124220048,0.0005748005927164553,0.006496205832531338,0.015111481446278344,0.06173106069585651
1,0.007081304907391864,0.2698181816287303,0.06841914056120493,0.041424443311235765,0.19945133426627418,0.18399739662177533,0.14858046391294474,0.017357462901303078,0.06009668698347943,0.0037735849056603774
2,0.0034693893637817476,0.028194116162923725,0.8008272438014332,0.02492963578430215,0.005282644704137152,0.0014640788881974084,0.005120641473272307,0.016124646647046513,0.11301087628175041,0.0015767268931550654
7,0.014341870624482264,0.05095754987612464,0.004661992625603426,0.009044948134617243,0.20341839954679636,0.04846790704195429,0.009232046813629638,0.562237117851581,0.02801178813221523,0.06962637935299555
4,0.0027842795759778025,0.007415012870428293,0.003228566664312695,0.0014829362727759889,0.922046243338614,0.007011440891454238,0.008486968262731034,0.030342001746668974,0.008059771916153277,0.00914277846088342
8,0.010279847665325094,0.037514673874656713,0.043990391506951845,0.016351714379501302,0.08050458365162273,0.07190372658719212,0.014247809493636021,0.03497150291336764,0.664478696802958,0.025757053124788473
3,0.0,0.009342891278375148,0.010530621554189221,0.9622361678511883,0.0,0.0,0.0,0.0,0.006779661016949153,0.011110658299298215
9,0.003963732231731545,0.1734267067563175,0.0055315123063207254,0.008905966544826454,0.05424569399781842,0.04850539921781375,0.002013359600993272,0.054548088324533825,0.03473831076512935,0.6141212302545148
1,0.0,0.7460327706246913,0.06764441836437865,0.017251564860260513,0.018523809523809522,0.002564102564102564,0.0,0.01982335219697693,0.12445627816207668,0.0037037037037037034
3,0.0009179539481517202,0.03357863666355106,0.03169461398623721,0.6931159076279614,0.003144606619824764,0.004943501535173061,0.0,0.03060177621356822,0.02252424366690033,0.17947875973863223
6,0.013214589149168588,0.0015226768988846273,0.007759679751955225,0.023498094577487708,0.0011935724747438984,0.0063548606426681075,0.9161341801417402,0.008532359412922007,0.021577582532417643,0.00021240441801189465
4,0.022842148228136832,0.1218628795826903,0.044905907501080373,0.03265074790032343,0.2276268438449828,0.05624954748221095,0.1470246481172027,0.22195151601301377,0.10383932395333502,0.021046437377023844
1,0.010617283950617283,0.371817676997562,0.01118379117257768,0.021668834910510106,0.18551459875362633,0.025858386995337903,0.004680851063829788,0.13383614194480137,0.06345285484820369,0.17136957936293382
7,0.00025553739064942363,0.010083265747583376,0.0032657792171808687,0.009412810839193047,0.029544003814965455,0.003998062899096606,0.00015073861923424781,0.8731939916824664,0.016614578448992195,0.05348123134063835
0,0.9871758072584805,0.0004102059233735335,0.001056111256047492,0.001861197144565698,0.0,0.00171003672517393,0.0010631120610530976,0.0,0.0,0.006723529631305738
7,0.005679012345679012,0.02957216817431871,0.0,0.0028881808929598655,0.03702376211336785,0.02123456790123457,0.0007407407407407407,0.8585092942758535,0.02527898624672818,0.019073287309117455
2,0.0,0.08613897992981784,0.8291685319872353,0.03388974546039275,0.0033374985172481652,0.01732910118474411,0.0023378437844636863,0.003815467387828973,0.022501791796517467,0.0014810399517517097
7,0.0010949242551506887,0.07224596236876242,0.053109773287779764,0.08465270266903345,0.03680232827708957,0.04157422324856212,0.0009898581533266282,0.526915539085356,0.13368420843469578,0.048930480220243204
3,0.0009776628885795717,0.007078097289739435,0.013429716295241952,0.9349551114964203,0.0013141635656052039,0.02041928401514047,0.0,0.002618090106721091,0.013340891878124142,0.005866982464427756
8,0.0018018018018018018,0.16410480264571875,0.03685567385567386,0.019467917889301533,0.03211577605228399,0.007207207207207207,0.006222009456510804,0.04375393260029379,0.6717201572251975,0.016750721266010793
9,0.0012503543235174326,0.022607488791973395,0.0036491821920770985,0.012989783844461087,0.0026355757209435954,0.01045170627762719,0.000933915605598232,0.006348302626263333,0.0240818065308731,0.9150518840866655
8,0.0048084444215988065,0.05409866998216306,0.18386992425311086,0.049749623481976465,0.0025712531839029674,0.0023116149627413446,0.019068805542837363,0.012207179698709677,0.6625746600230249,0.008739824449934765
9,0.0058481921338525015,0.03167734262792756,0.030739239461411053,0.2308465830188941,0.002913124508549452,0.02745985900747932,0.001394700139470014,0.011787807329994435,0.036400874077463306,0.6209322776949581
0,1.0,0.0,0.0,0.0,0.0,0.0,0.0,0.0,0.0,0.0
2,0.002296717767785508,0.16431352373669705,0.6306087310720019,0.016739576076352927,0.007358480442682589,0.0015624015706738117,0.011505617383613942,0.011526253737397617,0.15120137115362306,0.0028873270591717464
6,0.0,0.0,0.0016260162601626016,0.0032520325203252032,0.0011494252873563218,0.0016260162601626016,0.9923465096719932,0.0,0.0,0.0
1,0.0006734006734006733,0.6403715002127599,0.05938592323427337,0.014291794538814639,0.04148345980511787,0.0018993352326685659,0.011769189433399326,0.03012048221221668,0.1966333568896559,0.003371557767693034
5,0.006840585271269067,0.028546834938865857,0.09466839208627381,0.002035002035002035,0.04952858757614703,0.14159135885669052,0.4220897233920588,0.024339198990360498,0.2264516282905557,0.003908688562776613
6,0.0015477506865877125,0.02023836447349452,0.00490445038528312,0.002483911188514744,0.004247284522600609,0.004448649209352313,0.9419000499541318,0.0005894928366008849,0.014415953513275445,0.005224093230159017
5,0.0012345679012345679,0.02088477366255144,0.0006858710562414266,0.0027434842249657062,0.019101508916323732,0.9162728820774798,0.004629629629629629,0.02338820301783265,0.007484272267158602,0.0035748072465824703
8,0.007050485262627888,0.045396017628423935,0.11568709852152512,0.05846510630939491,0.04187965819438523,0.008342400213575022,0.010946140974300803,0.020368612127339196,0.6818897110025025,0.009974769765925076
9,0.004908450866534314,0.015066467228690643,0.010532908520347944,0.043291796124391435,4.672897196261682e-05,0.018515199431079165,0.0001716124644179661,0.010384981002470383,0.008740703966441932,0.8883411514236634
9,0.03291801603993259,0.06130254935354783,0.15121899465389788,0.027696297928636968,0.03073329035658551,0.022549127394392337,0.04316229469246157,0.025852072731472074,0.3297127239046448,0.27485463294442863
4,0.0010893246187363833,0.007135746339512952,0.0028848576467624086,0.0,0.9458977797295692,0.0007558578987150415,0.006343540831094717,0.023117747623865863,0.0032249937011841773,0.0095501516105592
9,0.0023761850873572463,0.018248808524352882,0.0036539010525898133,0.008220158234134602,0.0013600233163589327,0.01888207647804088,0.0003561253561253561,0.0037837355508266923,0.0058517076517908655,0.9372672787484227
9,0.0008453588250606632,0.06426655305417354,0.01783992559350042,0.04017984973444585,0.01978424791299566,0.061559042616485864,0.001126488574187319,0.01859249637297939,0.06565066242943167,0.7101553748867389
3,0.0006559628658638586,0.024008855669017008,0.03257703795715031,0.7606659800905218,0.0038667377044643617,0.0040590253022883,0.0002496751385980741,0.03608070121539242,0.012281979396530104,0.12555404466017403
8,0.010616561680244462,0.1318427871456633,0.03920260769058258,0.11555045957309958,0.04286428210917888,0.022951398599378944,0.03757252176729898,0.03403930990890304,0.4480766748893893,0.11728339663626088
3,0.0006385696040868455,0.15989279420042074,0.12483885192615567,0.10124262703690501,0.020269022442935488,0.4910527638756252,0.0,0.006450552031947381,0.048072781399606364,0.04754203748231738
3,0.00010339123242349049,0.009369392072348241,0.006002856745173898,0.9662489539937814,0.0010683760683760683,0.0007318677869525327,0.0,0.00034923260729712344,0.004435474176113905,0.011690455317533259
