target,prediction_0,prediction_1,prediction_2,prediction_3,prediction_4,prediction_5,prediction_6,prediction_7,prediction_8,prediction_9
3,7.559736173233894e-06,2.470719897578054e-08,0.012284028190536107,0.9842760902548696,1.026276579924453e-07,3.6592022555727364e-05,3.723702038006755e-06,9.206408743597299e-05,0.0019099140071140693,0.0013899006644202978
5,0.004573801789055608,1.9951482945192462e-07,0.003286800751928682,8.339006173346807e-07,2.6332635153971936e-05,0.991638183281973,7.399299261462417e-06,0.00046400440671632556,2.378444628762306e-06,6.597583540094134e-08
9,4.297121591486824e-05,6.098519243087352e-08,3.7897798299299755e-08,9.331509529778532e-07,4.142062078060553e-07,1.3833644985951551e-05,6.058423436677598e-07,6.429150682083377e-08,0.0005879972940237666,0.9993530814710735
8,8.029615852102659e-05,5.704746393384939e-05,0.004776784959917182,0.05974100771379169,0.00046849608185556486,0.028102483262193025,1.268377135020305e-05,0.01488776332979365,0.7043633605172183,0.1875100767414256
3,2.178951544058683e-08,4.853636933245857e-06,1.924705041114452e-06,0.9992293497440382,4.16675636162684e-10,1.8837328968483177e-05,4.988592203467137e-09,0.00014244776815986588,0.0003825688240203419,0.00021999079805562762
7,1.5670811833598126e-05,1.597347988910623e-05,1.860038498216062e-08,8.486503495062113e-05,0.00024591910488210917,1.119681948264091e-06,3.3889111652787243e-06,0.9995812329225323,4.921065920588907e-05,2.6007932078242602e-06
3,2.1946998617149307e-06,9.322570066976602e-07,0.0006321590702288336,0.9788186921596296,5.531032741300519e-08,5.241227770205023e-05,6.065920229235028e-06,6.7235506279660945e-06,0.002655964715515085,0.017824800038871515
3,6.045459499377736e-07,2.1267619762949436e-07,6.853899524015945e-05,0.9661033973427469,3.2203980761287273e-07,1.4102857944395437e-05,2.3569940683661076e-09,0.03362376363142981,4.552068573187483e-06,0.0001845034851163895
7,2.123783207721469e-05,0.0004352799786104371,1.6099604693203126e-05,7.184185387369759e-06,0.0010293721374952799,5.6254545845183775e-08,5.987998604206465e-06,0.9981339111223256,0.00034520701405979694,5.663872201104616e-06
1,3.935304752775184e-08,0.9932190204619491,0.0010534875881114956,0.0015289695375398488,0.0039183159034738785,5.74990761524173e-07,1.7189767573284776e-05,0.00019928849699511912,6.28026955240947e-05,3.112050239695391e-07
0,0.9995244124863938,4.072039124828971e-08,4.046536810500052e-08,2.413563864166972e-08,8.225307710878479e-06,4.6483530722878576e-05,0.00011317769618525584,1.024980014818373e-06,0.00019575080231275835,0.00011081987526146877
7,1.0915040096423967e-06,2.4313704607184357e-06,3.715087933745498e-05,0.00029951438716298165,0.0018306224988708926,1.904693353949224e-05,5.772138574989858e-07,0.9977983511667975,4.251863334039123e-06,6.962182629726961e-06
3,9.631567903674285e-06,1.86976615556347e-08,0.0010208772179971146,0.99657380779936,9.849024150784369e-08,0.00018283150361487793,7.480471186103773e-06,0.00015545649069475802,0.0003094685510679059,0.0017403292102724853
7,1.6381027313074678e-06,5.089899527763401e-07,5.955592258040611e-06,4.104344439062716e-05,4.4473756170686816e-05,2.6175645201013943e-05,1.5491248118950443e-07,0.9990525558496101,3.473203264418287e-06,0.000824020503939791
6,5.4963479226446126e-05,1.3106293441892793e-05,2.628143545808974e-07,3.42345450216696e-07,7.431244390434238e-05,2.7938431150920886e-05,0.999782720606766,5.509673640353714e-07,4.577534146177914e-05,2.7276879894602643e-08
6,0.00045149158874939916,1.6450141239376598e-06,1.2418259182087366e-05,2.506787841061354e-07,3.925361636540007e-05,0.00012754637463151884,0.9825844947774357,1.1430784356385879e-07,0.01678275212596896,3.325691515216515e-08
2,2.732291576302144e-07,7.388879798514389e-05,0.9995585690617222,1.3883048109147242e-06,3.298355888100588e-07,7.411703628233333e-08,0.00011965448059779854,5.4327589787047635e-09,0.0002444987274747086,1.3180128675681636e-06
0,0.998649843296712,2.7901323075300656e-08,3.202508229635766e-05,3.7438536946940264e-06,9.739107398242929e-05,0.0006597926353484866,1.2639855873845202e-05,7.447591928368536e-05,0.00033044103346373407,0.0001396193480217023
0,0.9991291596691501,6.114315781441989e-09,2.3778754273405407e-06,4.768062940096611e-07,9.383155477121015e-05,0.0003782349994140202,2.5990999970686333e-05,6.330736414380564e-06,0.00020728597618841792,0.00015630526805422202
9,0.0010675019335686135,1.8725429496313459e-06,8.3457742658483e-07,2.361416449764656e-05,9.844716284156232e-07,3.881192678350372e-05,1.7133475960831955e-07,2.505684808894753e-05,0.0001901440414472191,0.9986510081588499
9,0.009953155466599596,2.5693208992372463e-05,0.0007649797730734287,0.23180206412998086,7.936027352606048e-08,0.00012302746961584111,2.280482162816074e-06,0.0007671558245043034,2.1838017239122056e-05,0.7565397262675582
2,2.7714213664936784e-06,1.3917837466580486e-05,0.998007767865383,0.000419484469944075,1.043541441385133e-05,0.0003811404220805135,0.00013632537448328845,7.705174472184183e-08,0.0010275026530078084,5.774901097728774e-07
4,0.00043365842117009334,5.319679590132516e-07,7.864389584341648e-09,6.754716288469299e-10,0.9993540817443937,1.0874383913251709e-06,0.00015837286589080577,4.936595497251e-05,2.6409375074819946e-06,2.521298538630557e-07
5,5.450488583096294e-07,2.571682518668258e-08,4.054502186662328e-05,4.874514368211699e-05,7.123745498544235e-07,0.9998547919074323,2.0713560990678185e-07,2.0583682044574214e-06,5.2081314348951036e-05,2.879686222446039e-07
0,0.997823241331758,3.343377777053927e-07,2.6722397612904406e-05,2.473025188575001e-06,1.5839591590967049e-06,0.001257147928638561,9.253357235432548e-05,1.2742295479304115e-05,0.0002564049377174843,0.000526816214313967
1,5.340323685323021e-07,0.9831654377123988,0.0013622500111006668,0.003635176328330296,0.010570253801859405,4.689581524923496e-06,1.562393522373218e-05,0.0007636701932280767,0.0004784546259972519,3.909777968301821e-06
1,7.039751086283276e-08,0.9952719515743401,4.422194736366488e-05,0.001382045233814291,0.00011520199046580819,1.4719723107023418e-07,3.0449770524251214e-07,0.0022208299251930156,0.0007723949348129735,0.00019283230156268814
8,9.410986775393416e-07,1.7528507375288508e-06,1.129399885068608e-05,0.0003512508035704908,5.086148532995572e-07,4.275947019114148e-06,8.231694022058947e-05,1.5677100645799846e-07,0.9987568537571395,0.0007906492179246698
9,0.0006836677586819218,2.562962250301669e-05,0.00018034569319042622,0.00036323549719337816,3.083879471736642e-06,1.5545553507147168e-05,2.3135459015447147e-05,0.0012558078078876943,0.00033262836429827526,0.9971169203642509
9,1.6124986274545202e-06,0.004587175870930385,2.7042270241388996e-10,2.362972076833808e-07,4.6193778143747005e-05,2.733634814729545e-05,3.3458395367171557e-07,2.332916538546261e-05,8.417219109221087e-05,0.9952296089960894
5,0.0002271479693914641,0.0004222994525733195,4.084439560926103e-05,0.013577442295110306,4.512004696233592e-05,0.9681167579094229,0.0002733078947748118,3.6604266126129126e-05,0.0170027033079463,0.0002577724620830988
5,0.00016860484479347878,3.0305326115978914e-09,3.665308335004071e-06,0.12311790756282229,1.7816286745048072e-05,0.8732621527312839,0.00011959702465763725,1.025504260527148e-06,0.0010768112898317645,0.0022324164167376367
3,0.00010560450295308677,0.00032577981743936105,0.0037737905282232633,0.9523630324527134,3.550644622195137e-06,0.03551310924644874,0.0003030920187120552,9.020008010738822e-05,0.0009216609665065372,0.006600179742274006
7,1.3154856034987286e-07,6.171461493830525e-07,3.6207456967299877e-07,6.546543603723366e-05,1.0654454883081491e-06,6.274809135007333e-06,1.5035844927649728e-08,0.9993351699369099,7.26826439073063e-06,0.0005836303029144583
8,0.0002905045164004238,0.0003190228540195517,0.00018031051086407325,0.003630663151197678,2.5252506284354035e-05,0.11389033998310862,0.0025517304250115384,0.0011149708066529407,0.8424206557803811,0.03557654946607958
2,0.000729737752181231,0.004172898909158496,0.8911811992892841,8.863109210471716e-05,6.750378526517113e-05,3.311850978498899e-07,0.0007307090938708178,0.02428532928067495,0.07802431789395206,0.0007193417184106576
7,7.170087475200777e-07,9.412205275825467e-08,4.3566913817049945e-07,0.0017404875198483705,1.3806619541968983e-06,4.0055180560363985e-05,3.966379724524576e-07,0.9981572986512054,1.7853973573546485e-05,4.1280574947240795e-05
5,0.0006248250936361267,5.845272216908938e-09,0.0004467423019087043,1.936963433690558e-06,1.5867800669152816e-07,0.9987285970849115,1.093907666789959e-06,0.0001617077535512045,3.380485175543972e-05,1.1275198577707584e-06
5,0.025663045592582593,8.531181324365927e-05,1.3715899037097256e-06,7.730076565210001e-05,0.0008241094123717218,0.3811786752207855,0.00033934732041249833,0.0008206215529901744,0.0011138023099722637,0.5898964144220858
1,3.63554614662244e-08,0.9975555287461508,6.888388211203482e-08,0.0009172800901916749,0.00046704242671470424,1.261109048678056e-07,3.8616577432017455e-05,7.016117953755349e-06,0.0009931866241036258,2.109806720490956e-05
0,0.7671557977937986,2.9307024831681788e-05,6.910762141737871e-05,2.5387357463098063e-06,0.00013579639891216755,0.0002141931674437294,0.2302976157848711,7.393264603611304e-05,0.001448880539576291,0.0005728302873666536
6,0.00033988163663659006,2.178417934373136e-08,6.475397237891723e-06,3.752529590877825e-05,0.00018305773503289976,0.0011689426314850785,0.9975220853102069,6.095269029591071e-06,0.0007353357813925858,5.791588903056488e-07
6,6.336653386766919e-05,1.456877654138353e-06,1.5801042287443028e-05,1.4328846334323548e-06,0.0003105281942370807,0.0002268240266760517,0.9991522999386256,9.532668260612683e-06,0.00021875023162468921,7.602133356722247e-09
4,5.123641561696907e-05,0.00016746143137909986,4.3158954419200075e-08,1.7756982774546471e-09,0.28544642650044755,2.5983341522515717e-06,4.852665857268449e-05,0.6534143937300432,0.0016992704830827894,0.059170041512053025
0,0.9988272497224081,1.314874187049926e-06,9.20442778591649e-06,2.581895946583764e-08,9.371184810632154e-05,1.8064583120114643e-06,0.0010047062839419964,2.0045424633034873e-05,3.721238986511034e-05,4.7227518010955045e-06
3,1.696925014004353e-07,1.124851038399472e-07,1.9187078043248192e-05,0.9991563235130791,5.538523045899149e-09,0.0003730505157146877,2.212430650595038e-07,3.63115743392603e-05,4.447318818448297e-05,0.00037014517144584857
1,1.322501495209516e-06,0.9982882212784651,5.2977986810773924e-08,2.056170343807029e-05,0.0004238646095156614,2.091282886611751e-05,1.0036716435987938e-05,4.0149561136672546e-08,0.00017478019348419915,0.0010602070407518332
3,6.192735460134939e-05,2.1882380544871454e-05,0.0017028608177032303,0.972995876175044,3.483844661358161e-05,0.002907096338079959,0.0005062590400745247,3.784649969622594e-05,0.020284288854344638,0.001447124093297477
6,4.694012011301383e-05,6.513984081048113e-06,1.0330778500084694e-05,2.0339877075533747e-07,0.0005211375539201958,1.5248801150762222e-05,0.9993682127596103,4.075137644917758e-06,2.7329761204546856e-05,7.705004312264359e-09
0,0.9982586563293472,1.9439776034024488e-06,3.5357651398531456e-05,5.240043371707014e-06,8.067426378121231e-06,0.0012157527692335506,4.095928184608246e-05,8.400548836910937e-05,5.598095298965615e-05,0.0002940360794625012
4,2.3663797618584278e-07,0.006029184189727098,3.2591958237838695e-09,2.651507434786235e-08,0.9927952647425238,2.377450762829024e-06,0.0009999389896730283,0.0001592146276887376,1.3744297174267957e-05,9.290203820155336e-09
6,0.0002456607088199272,9.14142483735249e-08,2.9733914518863732e-05,1.0882840418409352e-05,1.7735467116192134e-05,4.152142500794284e-05,0.9990125316790824,2.926315670230213e-06,0.0006388284060480135,8.782906969189473e-08
6,0.0002797637650329671,7.395087972320035e-06,0.00011227082473307961,1.3179272804174303e-05,0.0005515147579513762,0.00014022986675305403,0.998500544032456,3.38317513229666e-05,0.00035881761421626004,2.453026757752842e-06
7,1.6983287080163012e-06,4.897775814017837e-08,5.876110075643666e-07,2.382164190890391e-05,1.2052922427335065e-06,0.0003268251401757994,2.30625353936704e-07,0.9994765945264454,1.5542178516398862e-05,0.00015344567788309695
1,1.8592383285319726e-05,0.8848275221918372,0.0020558364915711255,3.6827155830291754e-06,0.0028855888724095584,0.0012650462550581273,0.0003791936495693379,0.004661560790959205,0.10389182271118684,1.1153938540146826e-05
0,0.9992459956944635,7.962480336556414e-07,9.675532080651959e-05,2.992235172790522e-07,3.3822438424547205e-05,0.00013265500758222922,0.00043957517171866456,1.770041156363072e-05,1.536089695339418e-05,1.7039586936446565e-05
8,1.8725794126720665e-05,0.17691484872080743,0.002237835729093067,0.01875084329914099,7.476210072187249e-06,9.69148845341227e-08,0.004485479414532585,0.0007431788515268864,0.7944162451923877,0.002425269873428022
6,0.0010683875547781775,4.779804212223839e-07,1.0975876429295557e-06,1.0400477652070605e-07,0.0002315199702192361,0.0001536423355858367,0.9984139208753876,4.0133317202677336e-07,0.0001304428636634234,5.49435292042422e-09
1,2.5902675015835618e-08,0.9987859594283739,0.00011357835414957302,1.9676829025135398e-05,0.00017042534306189682,8.521096391864243e-07,7.766449252057377e-06,2.066063550588301e-05,0.0008809447113877388,1.1023692962544382e-07
9,2.6326389396961516e-05,0.01893723762839657,0.019491824771351984,0.00027541266227567554,0.008792162503025922,0.00025167434237035284,4.458103646013161e-06,0.1603991595773038,0.4091255424117289,0.3826962016105038
1,5.108957827496981e-08,0.9996172611327317,2.8571046235460904e-07,1.8932062871936512e-06,0.00025431945023284984,1.172893363303946e-06,1.4360724749054469e-06,3.651826126204638e-07,8.377060671297288e-05,3.944465554369691e-05
4,3.863041456273554e-08,0.043926783551771265,2.2355397248250437e-09,1.6632783915891973e-06,0.9557103375323279,1.983489892682849e-08,0.00014891566730516233,0.00014653386212083556,6.57014190644634e-05,3.988165439163799e-09
2,2.1470352376578505e-09,5.589647113352944e-07,0.9999704680096156,2.8780294911309378e-05,7.625923106750378e-09,1.5374709059732132e-07,4.727893450971761e-09,1.1323754563572394e-08,1.2295750767142316e-08,8.633139782917706e-10
8,0.00019357427188414265,0.0028986088521410283,0.0004937238146085142,0.18930831504371104,7.657071153849325e-05,0.0035862508319734546,0.015530609118493523,3.687959380025509e-05,0.7121007468043601,0.07577472095748956
4,3.984273879209821e-05,1.092714808255196e-07,2.971222094972696e-09,2.7367370390777967e-12,0.9999305406690231,8.943195700617793e-10,2.587819894073707e-05,3.61003928625268e-06,1.5208919023130115e-08,5.279614694064459e-12
9,0.000380116735042096,0.0005918619817724621,0.11714301611924317,0.2942306918563312,0.000351806416543732,0.00022580653804409523,0.0029956977478048145,0.00028873452383536703,0.013865749899506903,0.5699265181818761
9,3.623066583014582e-05,0.00021972401453899154,7.384152883275748e-05,0.00033239793523209935,0.014456885757503698,0.00012263825098508897,1.2837714177866938e-06,0.30807251834558114,0.05589593621163136,0.6207885435184469
1,5.287722508822984e-05,0.8820727186661508,3.4103964289899654e-05,3.5863093631516887e-07,0.02129129763868164,1.9061066048930054e-05,0.00038523674041594005,0.000561681418159128,0.09545602303117816,0.0001266416190509109
6,0.0025999177426105973,9.192334740614539e-08,0.0009272417921779812,5.277882080271104e-06,0.0003539131139334719,0.00011520306511227254,0.9919085905228565,8.84184879319375e-07,0.004088875341219996,4.431782108958104e-09
2,1.1025883112698671e-06,0.06854071708622723,0.9302709155204187,0.0011250943926159275,8.134535325322038e-06,9.444503443420266e-06,1.669268744855536e-06,1.037536857318028e-06,1.0765227264963904e-05,3.111934079072587e-05
3,3.8119563889586417e-06,1.7245595038117909e-09,0.0006408054962912439,0.9902165767547073,6.809789791275139e-10,0.00015180809611860038,4.2517879876089915e-07,2.2212291624506936e-05,3.6734320041615926e-06,0.008960684388527807
8,0.0001045302723559113,0.03271431416869685,0.03414780863625137,0.04878556809957377,0.013062439253856398,0.0004802208287633379,3.8965550822645915e-05,0.015355029707558015,0.7971544126101074,0.058156710872014294
2,2.0060385349832877e-06,8.225191647421731e-07,0.8907840770854221,0.10784518524559389,9.029401515760589e-08,3.9027513816673065e-05,3.6306702287639647e-06,8.197944086952617e-05,0.0012418446865495383,1.3365058046956374e-06
1,0.0008435930538553477,0.9199532600218707,0.00035688751549243326,7.654396459180096e-07,0.00208580269008204,7.912532436566344e-05,0.04637671191765196,0.000624818201196977,0.02967255097660108,6.484859237712973e-06
8,1.3933678276641741e-05,0.2313846879741235,0.014961873470907246,0.008044350225065874,0.010387401309184745,7.208865098370798e-06,0.0005054715038798271,0.00395531448437856,0.7305442953511418,0.00019546313794340146
4,0.0018692386527577312,2.824909808909505e-05,3.558881620515774e-07,1.695803780927861e-11,0.9974157674113945,7.752454492021643e-07,0.0004735720360590076,0.0001959396749030212,1.6069816293738324e-05,3.215993375437469e-08
4,0.0010539196022383572,1.2487793387953945e-06,1.3017451099594238e-07,6.248811134190638e-11,0.9987796416887936,1.548999212934606e-09,0.00014692105020104268,1.677139608946007e-05,1.3584144224405124e-06,7.282918119957569e-09
4,0.00019195252018908496,2.7188551899001287e-06,3.084436939192263e-09,6.443951521865612e-09,0.9994937666110462,4.182513566804678e-05,6.791818328040598e-05,0.00019498194581203158,3.0826759060470974e-06,3.7445445196745967e-06
9,3.9734584589855964e-05,1.3304481331460997e-07,5.71186590769485e-07,1.991486008292645e-05,2.7867804144070287e-07,3.547161671840773e-05,4.293157712934188e-08,3.6257086655764947e-06,2.3455343499871178e-05,0.9998767720454206
2,3.899985663573502e-07,9.017251221991453e-05,0.9977435097645778,0.0020279535477177625,4.8369312937519204e-05,7.254302466755595e-05,1.5757767950507496e-07,1.5705802725184527e-05,8.471652911906902e-07,3.512936170667632e-07
7,5.3450340594516e-07,1.6665132461693723e-06,4.435495373544023e-05,7.806852568713966e-05,1.5427581741775095e-06,1.8302596408352953e-05,5.705419619074954e-07,0.9997036922571384,0.00010197967125722874,4.9287678985273175e-05
7,0.004104453652030029,1.2769134802339558e-05,1.1575748680335995e-06,0.00010991264650944979,0.00015547486928137535,0.0017389108222745783,2.8286680403337634e-06,0.9772363892756023,6.603466402404456e-05,0.01657206869256748
1,2.0631558925270236e-06,0.8730254368970952,0.0014335997411370845,1.7924674731390805e-05,0.0002584511845654366,3.230142469627836e-08,0.00015835934729837615,0.0031823684876552336,0.12184946053486023,7.230367533983614e-05
9,0.001829637334010486,1.6961263464644018e-05,0.00019015650016700777,0.0005489672951645662,7.084999164797714e-07,0.0002540111933987588,1.9426285963339755e-08,0.00011078906894678929,5.2841445608449104e-05,0.9969959079730369
5,5.6123325769027805e-06,1.5954678095731816e-10,3.455116113304619e-09,2.7941164525146683e-06,3.976971193557997e-08,0.9999260666685836,6.164333550452335e-08,1.4521552624460405e-07,1.4689401571925246e-07,6.512974513447614e-05
0,0.9993643183301936,3.384179559814606e-07,4.853613760949939e-07,3.253970588234461e-08,0.0001316063254476874,1.0628926172885152e-05,0.000451710403605673,8.086180294835797e-06,2.921182676418049e-05,3.581688483114397e-06
5,0.0004252749587520346,5.638360370040105e-06,0.0050953100464426965,0.0002858748765534083,0.001076804938087662,0.8027583059532942,0.00030439159539000276,0.18949453442634334,0.00045129963485419987,0.00010256520991252987
0,0.9993789299415938,1.2165165934930644e-08,2.754253358714792e-06,3.478828993512578e-06,0.0001069419390375117,0.00010399600996047427,2.317762199944869e-05,0.0001316792005651059,7.958623073318022e-05,0.00016944380859221946
2,3.160237221882094e-07,1.3429635097237717e-05,0.9946785802367933,0.0005248204290076582,1.3757977706329982e-08,7.90677842143235e-06,1.2935111704699178e-06,5.156105642486615e-07,0.0046431825839584025,0.00012994143328754658
7,1.2468451701563006e-05,3.169628108053039e-05,3.1990355376971723e-06,1.966166443684815e-05,0.0018984598950264775,5.159004431844131e-08,2.831809469009604e-07,0.9911097532033,0.005487785527607879,0.0014366411703178026
1,2.2461001594152498e-07,0.9910202565325191,0.0001551490372336575,1.7612763229594368e-06,4.295522648084471e-05,2.7366506966208044e-07,8.31548426190959e-05,0.00010660796616088123,0.008586736211836195,2.880631741664528e-06
8,0.00032526982832794545,0.008185777493852835,5.1503495358681896e-06,0.0010822041348700355,8.358360723671157e-05,6.331499099320245e-05,0.00240445095053529,0.0002582644699738418,0.8113018623709347,0.17629012180373962
5,0.0020117893092023876,0.00010624281430332044,3.8069965258103974e-05,8.095166473346614e-05,0.07462042587280286,0.9129223943076166,0.005813188268470429,6.74118647197998e-05,0.0038312702383904297,0.0005082556945027318
7,2.4225835874899982e-05,3.6878681216465244e-07,3.757789286087764e-07,0.0002367782385513645,0.001059003602330509,0.00032055458657945354,2.0334982079486765e-06,0.9983199496333826,1.5853259178098859e-06,3.5124713414796833e-05
2,0.26890593025657905,2.6940068922967234e-05,0.7298791210580842,0.000755948725075952,1.8697749641287112e-07,9.832256689075032e-07,2.269665930121143e-05,0.00035772543771488743,4.0641250532257543e-05,9.826340624358677e-06
5,0.002279081561590551,1.5587526088997258e-05,0.0008522615474338593,0.07953138652181682,3.7822271645880294e-05,0.5603450730114946,0.02647252510969885,4.8745687601988715e-05,0.001784293627653376,0.32863322313497506
2,3.8452575984319566e-07,0.0002068525942362712,0.9978631378615842,6.362975920649648e-05,2.8117421855336717e-08,3.281119759377315e-05,5.667493752722927e-06,5.87977556946902e-07,0.0018233928489541625,3.5076239338521943e-06
1,8.172847739605737e-08,0.9991596744731073,9.378285702356558e-09,1.676596882218191e-05,4.349557414052608e-05,2.75186879484693e-07,7.489534330855447e-07,2.0347117662298252e-08,6.319522413640612e-05,0.000715733165600296
9,4.868454740079837e-06,1.0355653313714778e-07,3.0311588301656222e-05,0.00047559359134499073,9.497682874317866e-08,0.00018103885489317061,2.2799321575741592e-06,3.7619534904205487e-06,4.266411908129358e-05,0.999259282972629
1,2.256655989151637e-05,0.9509900824749242,0.0025869887207839825,3.5857193189932425e-06,1.7853029911760186e-05,0.00010681613812639125,0.012310964897806283,5.458352086786355e-06,0.0339410494867339,1.4634620416085821e-05
6,2.081441266098551e-05,0.0009155677775073844,6.734223125383468e-06,3.2366252668490256e-07,0.004535727819108597,0.00011438086794991928,0.9931253135686885,7.784146373049388e-06,0.0012718158352963641,1.5376867632505238e-06
9,0.00017097167834384208,0.004692932267508624,1.5473134937150385e-09,1.886954647449935e-06,0.016901254343511703,0.0026161583186379944,5.8043491782357085e-05,0.005537593958045498,0.0004241400994923407,0.9695970173407167
2,4.91032213591725e-05,0.0006530475722036942,0.8008118306785142,0.005730608224696281,6.289772492427892e-07,5.67336323454297e-05,0.0004314224335728232,5.657693402668906e-06,0.19179484402789398,0.0004661235387623044
7,4.5514933452015114e-07,2.7936027364288737e-05,1.002945278391117e-05,1.2747920176732247e-05,9.244134450913057e-05,1.768903434389481e-06,2.0474429979863922e-08,0.9939284646312614,0.00022342649244659775,0.005702709604259164
3,1.9735442154553152e-07,2.5891836833990633e-07,3.526663677896261e-05,0.9997562147387734,7.107598607168837e-09,8.322196351497222e-05,5.35327572634323e-07,3.1921754232889043e-06,0.00011359590899680045,7.509868551129257e-06
4,3.521425995161098e-07,0.0024254070591219917,1.1161171080084006e-09,1.297203284997015e-07,0.9975027028004039,2.660739182522746e-08,5.285240782256247e-05,1.3034594547373544e-05,5.492989763686436e-06,5.619036087397454e-10
9,8.460742784866673e-06,9.901438216772691e-09,5.732326817606839e-06,8.963645855307079e-05,6.811817729667601e-08,1.8179402729669475e-05,6.044553863395162e-06,1.5892760107638532e-06,2.6241201851085805e-05,0.999844038017774
8,3.351206864434065e-05,0.0004199908325073393,0.0015995022058722971,6.441598876739889e-06,0.01558749907702683,0.0010138748654653527,0.00032222755299640736,0.00014102704390919014,0.9796413497121487,0.0012345750425528585
3,5.988671875346047e-05,0.0007640341098038704,0.008221723359478765,0.9107463172385306,6.124797991010821e-05,0.00012810063936371957,0.00020180617120858424,0.003733811112368317,0.054857017639564874,0.021226055031017568
9,0.05702372196192473,0.00024942374935229574,0.03751982481994697,0.3177543519806427,1.8661408103820957e-06,0.003450050476224302,1.0292760513479992e-05,0.00048274406259040254,0.11976108886944159,0.463746635178553
9,3.1281850094144215e-05,2.234546224819563e-09,3.5130714465244018e-06,0.00016638006657995297,1.9654294452191874e-08,1.0309302174654225e-05,4.565434551972724e-06,3.864612710768016e-06,0.0664124744151239,0.9333675893584773
1,8.115699627959708e-07,0.9883929371588789,8.49966365666032e-08,0.0005008475683410872,0.00853827322898167,9.24786827083979e-07,3.864809192697517e-06,6.117704192092363e-05,0.002248466672609275,0.00025261216664890484
0,0.9986217728115034,5.68803410928616e-08,0.00036380328430110956,3.923311172472817e-06,1.9958148190916604e-05,4.499962844552634e-05,0.0002700664987225408,0.0003640289157482847,0.0003007856845353293,1.0604837038982501e-05
4,1.6579150008848457e-05,0.006122064252565883,3.93473103734517e-08,2.763254624371754e-08,0.9935244830788583,4.682060119910531e-06,5.3021302785885793e-05,0.0002763089147278198,2.7517318718240834e-06,4.2529205055381455e-08
9,0.0039933254058152155,0.6566775434114659,0.0296421839780752,0.002107130685861033,0.004964605938837853,0.15614027233050642,1.7430836576012224e-05,0.01328433580234004,0.01808161452720043,0.11509155708332186
4,8.166532464655146e-06,4.888532710203672e-07,1.1663431835455099e-08,8.262663057691119e-10,0.9989015784497266,3.935803510171905e-07,0.0010805991484255984,6.24934245684113e-06,2.511442769830995e-06,1.608363653998304e-10
7,1.039290281817796e-07,4.165813870932752e-05,1.3286152274804595e-05,2.7826591285021844e-05,0.0001485069308591255,1.0882444499517449e-07,1.7889073195191176e-06,0.9997651811548796,8.424061558954249e-07,6.969650436919775e-07
5,2.0638024418861537e-09,4.747279608021639e-06,2.891051387734498e-06,0.00016009594787293774,7.321161228331222e-07,0.9998265924436652,4.531975105523176e-11,4.82517662185808e-06,1.0431853037865654e-07,9.557068927396892e-09
0,0.9994982531643248,1.1591862889698904e-07,1.6151109457888874e-08,2.8447781139753227e-08,0.00016922631920673,0.00011527088787911162,0.00017985830891929281,9.474311311503932e-06,9.483711494103582e-06,1.827277934494604e-05
7,0.0003881960992739484,0.00025666112117482467,1.884348389835586e-05,8.861217896709899e-05,0.00014745322013381162,0.0010611384745008543,2.0318005248209888e-06,0.9443846355581448,7.700362004462867e-05,0.05357542444333678
1,3.462321232675158e-06,0.8985114648417596,2.0145933980090852e-05,3.451632021294435e-06,0.00014679452294719762,2.3253057078749422e-08,3.131558417314095e-05,0.022100565882232862,0.07876526957890286,0.0004175064496934022
1,3.529883791000765e-07,0.9952575599152741,1.0524614806698575e-06,0.00032310533845207584,7.806084669216992e-05,0.00021951301968968414,6.214345198216527e-05,6.59412456417879e-07,0.0031616917297594316,0.0008958608358341952
9,0.00020914111833380647,1.3844509767537552e-08,0.00029050187256080364,0.009964236510340032,3.1447482226689755e-07,0.015714872252504133,2.8853726171842373e-07,3.3430039243116884e-05,5.067939501168632e-05,0.9737365219554127
1,4.563373360060533e-05,0.9803999133299761,6.496963166269026e-09,0.00029552001400576965,0.006801343623544848,1.6231153723570935e-06,0.00012409408750917655,0.002126492129534192,0.0003793232551860896,0.009826050214307692
4,0.00028635421860381696,2.6345976840551227e-07,2.927957508149711e-08,6.2777068413144534e-12,0.9996794919372964,1.6879813058354796e-09,3.1822107901961456e-05,1.966318207998954e-06,7.094468169086299e-08,3.970580561187918e-11
3,5.0526757552142175e-11,7.478182895748036e-11,5.968102226619482e-07,0.9999768306404273,1.9302275883811414e-12,8.394752620942252e-06,1.8329690812200234e-10,7.396698100971183e-08,2.8565809773414477e-06,1.1246938235247514e-05
6,7.137651142502329e-05,3.7487663109092344e-08,6.53268741165881e-07,8.484990718181642e-07,3.338576512579599e-05,1.8333338947471363e-05,0.9989501828095652,3.8417733906355374e-08,0.0009251227667375543,2.113498904392312e-08
4,4.9637400352109214e-06,3.840709344430836e-06,5.746087882507966e-08,1.0746567141389613e-09,0.9994401304180597,4.765466464847594e-07,0.00028367682470501425,0.00020230726611191791,6.448225759582946e-05,6.370196595542167e-08
7,7.515664621714758e-07,3.4064845793330686e-06,1.3043819158986735e-05,0.0012832372029797973,1.3186780939841374e-05,3.70765747560672e-06,1.6148506555716312e-07,0.9986391852658073,1.583169966597775e-05,2.7488037865541643e-05
5,4.456933120539264e-06,0.0008486257441887665,3.162073766872344e-09,0.00037743110528980624,5.508831775593427e-05,0.9980205264040233,6.450909753528881e-05,1.571456541084464e-06,0.0004433943001386751,0.00018439347933292836
4,1.4202797099927941e-06,8.757454248796297e-06,1.499518568453662e-08,2.074211089616679e-10,0.999694228473636,1.2467226243702321e-06,2.131367259112436e-06,0.00029126431122129424,8.124682350154848e-07,1.2372045868415967e-07
4,1.907175744413643e-05,0.012004609290104287,0.0008977588507379606,3.4954757761754506e-06,0.7688492262146185,0.0009037053927970633,5.27418532616765e-06,0.02568561960993774,0.15899027533895402,0.032640963884303806
5,9.914045035446103e-05,1.0678749455068927e-06,0.0012220535251210207,0.0002955715884380829,1.941831069748876e-05,0.9861339324935229,7.210824683712128e-05,0.0036714273664448112,0.0017250189899809334,0.006760261153657755
2,0.043443059059015465,0.0004242688961956572,0.7308329466446464,0.21473029798847867,6.254933617488082e-06,0.000740981887537296,5.534442820282757e-06,0.0010279641569912034,0.0004109968221504801,0.008377695168547056
1,8.688216841820143e-10,0.9970034148073005,0.00013168870147287168,0.0028544503412396955,6.125336762068369e-08,1.5390191829737298e-08,8.473386738847819e-07,1.1382135604628885e-07,4.694885230994855e-06,4.71259234508743e-06
5,1.605244582352133e-05,5.165465454106494e-07,1.9921682102759454e-06,0.09156643783117363,7.590614917683667e-07,0.9072529649988764,0.00021274713220359375,4.021196699323679e-06,0.00033802705515838114,0.0006064815638178742
0,0.9983790003573836,1.334983213984901e-09,0.0001124754360155693,4.0264985361670545e-06,2.2029363641501623e-06,3.772666105949194e-06,0.0014194784336536213,4.052446222041824e-05,3.63775579220345e-05,2.1403168151419553e-06
4,0.06764375467384981,8.290775702037771e-06,3.0574302272019494e-06,6.590657545450201e-08,0.9102410595377396,7.092475723577648e-06,0.02205931131764041,2.248060097485724e-05,1.4804279863783531e-05,8.300170340023428e-08
0,0.9995876145273334,1.103909216642213e-08,0.00015611678531259182,1.9418865412030547e-06,6.57495857659421e-06,2.967272690849446e-05,4.511785995817184e-05,4.306987685271254e-05,0.00011599037138427673,1.3889968040378821e-05
3,7.7107246092885e-09,9.09988750584495e-09,1.1780150246379423e-06,0.9998863957917665,2.610323881235032e-09,6.113744919042929e-05,2.4719045749014026e-08,2.3834552742775734e-06,1.332524516716262e-05,3.553590359528905e-05
5,9.560778180245536e-05,0.00010480186545712326,0.00014389397034200675,0.0001305111844688341,0.050355247516518736,0.9406269888731702,3.220428654811842e-05,6.460738049952995e-06,0.006673497838937516,0.001830785944705031
2,6.726485488499001e-07,9.700003923347198e-05,0.9987888899806735,0.0010888714569977898,8.047761518548994e-06,1.8006112120766463e-06,6.905109822584972e-07,1.2531846242395723e-05,1.352168446593418e-06,1.4297614450893995e-07
0,0.9995337358095246,2.3979140138277726e-07,8.581686927666183e-05,1.5204572306959692e-07,6.097960933046873e-06,0.0002491577144323813,8.313397797414602e-05,1.7398487088505851e-06,8.75331655224717e-06,3.117266547338337e-05
3,1.2623742804502978e-05,3.1916334751394516e-05,4.215201190187171e-05,0.9785306465827663,6.453898022364417e-07,0.004965621769841412,0.00039191879739838137,0.00017630474466031517,0.008211431665194122,0.0076367389608791615
3,3.7941387248174094e-05,6.91720945063885e-09,5.331734280689529e-05,0.9883556178259582,5.175006112549328e-08,0.0006283069645648288,1.9240349078207175e-08,0.004271806925620191,1.835316576303734e-05,0.006634578480419308
8,0.20971182650264056,0.4754192346954063,0.0027895389974826523,1.6377858904053287e-05,0.02860197388386757,0.01885480321212275,0.007268875957200828,0.041485092589127186,0.12347341561324683,0.0923788606900014
3,2.1565685667297544e-06,7.758881921861673e-06,0.0004569033957308166,0.8871010048316885,4.581864077545376e-08,6.251915006577222e-06,1.8579065233219395e-06,0.0002931373875416792,0.11190321546330873,0.0002276678310710035
0,0.9977897828882125,3.3924154231957454e-08,2.9632747526432193e-05,1.1397858567816363e-06,3.553275595852445e-05,0.00024828122171104193,0.00037019152093277084,2.7357925486291518e-05,0.00013684839805122532,0.0013611988321102241
8,0.0004425556168227861,0.14393647793802974,0.0031707755061141764,0.34091935701981463,0.007562789273775109,2.2363398592839984e-05,0.015330221027074561,0.006571902873020736,0.4810636151091255,0.0009799422376299786
8,8.802518089795207e-08,5.274762227702558e-07,2.5330583136408054e-07,0.0004220171326564786,4.278610331461195e-09,4.492521035736483e-06,2.0218359801630755e-05,1.7628695426165707e-07,0.9992419746456359,0.0003102479680706901
2,8.543309935013282e-07,8.493301612330307e-07,0.7984345984651979,0.19914677007762405,1.5612592923632696e-08,0.00012347380129211784,8.575708665905489e-07,0.0001927908733702083,0.0020972275639928577,2.56237390848611e-06
0,0.997008550624262,2.1009765009779403e-05,7.520852758412696e-07,2.7152177802385875e-09,0.0023826340321515312,8.019520454064452e-06,0.0003144937639144778,7.330457017025656e-05,0.0001859611115921188,5.271811952207337e-06
4,2.018203328770192e-06,0.0024311982718802517,4.179073797831767e-08,2.5301666658744218e-06,0.9968816631456952,4.025597578301876e-06,0.0004684296882014564,2.398204524536978e-05,0.00018609517078103338,1.5919885789253888e-08
2,7.760498225008997e-08,2.0537817276009713e-07,0.9999531136112556,8.147172293952466e-06,2.1990758874773695e-09,2.0297278621284446e-05,1.0571570855649163e-05,2.0490879989868627e-10,7.578651106721649e-06,6.328727137907286e-09
3,1.8698114121376428e-07,1.2827614913758054e-06,2.38016283911328e-05,0.9968202456799551,8.709748898882291e-08,0.002089420468300868,3.588563217286975e-09,0.0010624124335644127,1.54014731919438e-06,1.0192137846491215e-06
6,0.00018120638474185258,0.007240830481502535,3.6946617005049464e-05,3.0098516480516857e-06,0.017066300607255846,0.00015893577882891526,0.9747251670176292,6.846039001402985e-05,0.0005168587645924375,2.284106781910214e-06
5,2.743384082333398e-06,0.001526784774996188,5.850320615730359e-06,0.0002338028887621026,4.7609124245357617e-07,0.9934748387671799,6.30128629285732e-07,7.878025146314267e-05,2.637097028859107e-05,0.004649722422740115
9,0.04275061160443817,2.888867029418043e-06,8.090161471555869e-06,0.003640545577446392,5.196885234562499e-05,0.002670606415833149,0.00018719367936907282,0.0023922233209589354,0.6227234470950387,0.32557242442606893
6,2.989497247607922e-05,2.0282405341840904e-08,1.066760664460904e-05,1.518417973089093e-06,0.0001469620128013317,4.096597635884857e-05,0.9996048566329162,1.0411574422480664e-06,0.0001640716836135182,1.2573690281992106e-09
3,1.7365381486024904e-06,0.0008640674363621409,0.0005030220010046749,0.9708827610859777,1.5694406673629324e-07,0.0001850807355591363,2.0601594673531905e-06,2.803504385713723e-05,0.027529268304498762,3.8117510577077798e-06
0,0.9957647609816044,7.841883002690171e-07,0.0010356976286112474,0.0002537521104313449,1.5013915019168479e-05,0.0008528019598324509,0.0011911138653575082,0.0001583476844683112,0.0006940736407267035,3.36540256482344e-05
0,0.9998164705197551,2.950447966189451e-09,9.317409836614545e-06,1.9278560872478603e-06,2.9847897352310772e-05,5.101615436032844e-06,2.9027917804441454e-05,5.134190095959436e-05,9.540158827500419e-06,4.742177349338324e-05
6,0.004222453585374708,2.1357239457488298e-07,5.670621487917725e-05,7.522398244316974e-05,9.204921033105909e-05,0.001996051828930123,0.9863944955623335,1.5835139605228808e-06,0.007160786028204672,4.365011483757129e-07
4,0.00027174169830133216,2.232308716941726e-07,3.220266847323101e-08,4.21501998334168e-06,0.9904063390512146,0.008687077765508668,0.0004728708733718336,0.00015124075301436895,4.0901599455405215e-06,2.169245120127093e-06
6,0.00025347659406193987,5.394443346751973e-06,8.284571403689612e-06,1.1249073457170925e-06,0.0007149004185139298,0.000360724581328952,0.9986252870583052,6.1095339466948396e-06,2.4697229911009977e-05,6.618360423836171e-10
4,7.563145811010731e-05,0.5220063227094218,3.1756247580180185e-06,7.103246850150257e-06,0.47204744091596135,0.00341075824694902,0.0008050236044687376,7.922591893105962e-05,0.0015015578565394964,6.376041801022089e-05
4,2.7243359902117826e-05,3.09904442367139e-06,7.08921144072833e-10,1.9214224870885088e-10,0.9999407983723259,1.0086273897699952e-10,7.836959182911025e-06,2.0302512206226272e-05,7.175908814876677e-07,1.15915169586822e-09
9,2.7857961436449078e-05,0.002453098717322553,1.0709603545729887e-06,2.3767034763843234e-05,6.827504495637485e-06,1.1000873435427304e-06,7.643165203168792e-09,5.9705112020671424e-05,2.934479742160655e-05,0.9973972201816759
2,1.8124001721276949e-06,3.7862837525530778e-06,0.9928328237769338,0.002469054046830949,1.7627189790609177e-07,3.258335127607614e-07,4.260211254143808e-06,2.6046005199345114e-06,0.00466673122611554,1.842534901022927e-05
6,6.927097193386159e-05,3.840300813433386e-06,1.2693813900632183e-05,6.808273625249227e-07,0.0001871498956951116,1.260527168663794e-05,0.9987055795552734,4.8564142874798386e-08,0.0010081212101762428,9.589015309880488e-09
3,3.5457356900242166e-08,7.491482755316128e-07,3.3347750723009234e-05,0.9998537661313321,1.573487663497205e-08,9.641417191789403e-05,1.6645100654685437e-08,8.887806098748282e-07,1.2395597941514294e-05,2.370581866023685e-06
1,1.2707037232388836e-05,0.954572255492069,0.0017389243495246848,9.234527867484717e-06,0.00744140287470589,0.0004022864512067986,0.0035001340825187113,0.000779576881935864,0.03151643571287371,2.704259006521143e-05
2,6.279025134963823e-07,3.495805047889171e-05,0.9988728118622006,0.0009221105326422052,1.199833707824509e-07,5.170514864092645e-06,6.617867223139896e-07,6.733871967906942e-05,9.565330850043696e-05,5.473390282572944e-07
7,2.128707401164251e-05,1.593974625457762e-05,2.3130485603292654e-08,5.552777198968693e-05,0.0004206683352377634,5.4043522111340894e-05,4.388914893412557e-06,0.9993594586370556,5.005723079149324e-06,6.365714488141638e-05
4,7.497934637969783e-05,1.0136917055612192e-07,2.056179585571077e-09,3.598790458746268e-10,0.999572339991459,9.199232592530556e-10,2.1426175069106565e-05,0.0003234524963518665,7.4904559177244145e-06,2.0682967008127848e-07
8,1.7302920869043025e-05,2.817500007483506e-05,0.0008478089305925097,9.159418945026185e-07,0.023740885774609134,0.0007362670010737456,6.417429296777492e-05,3.4115697409385176e-06,0.9743319883460522,0.00022907022212532651
3,6.200164746313695e-08,9.57926940936534e-07,0.0021611496567946835,0.9977826608375414,2.2555812112851405e-10,1.190807155008965e-05,3.062468883402671e-10,4.1930503457006966e-05,1.4824077086459742e-07,1.1822294927155742e-06
9,7.157084296728985e-06,0.00038924819713032484,4.9391139995154915e-11,1.4211092992213145e-06,0.0002959168565000153,0.0011496083396405437,1.7245789721654504e-06,1.281661096274192e-05,1.0806709399551452e-05,0.9981313004644076
1,2.065507722785938e-06,0.8956790783405238,0.0016482873912610349,7.086169086529626e-05,6.323130660336399e-05,1.9895747766359188e-07,4.85706955641519e-05,0.009343270026054517,0.09269014481513731,0.00045429126878985046
3,3.695864714723251e-06,5.416791574540029e-05,0.0013020817283471335,0.9960619630899482,3.213836355973017e-06,0.0017265764427582028,2.2146423379163315e-08,0.0008258536135482709,1.0086876600563742e-06,2.141667449868388e-05
6,0.00011790464508349636,4.685356281442741e-08,4.910684025975338e-07,7.850349407895325e-06,6.4323571351157204e-06,4.615181574159277e-05,0.9993458500204752,1.0163221472126784e-06,0.00047420560758070727,5.096046348615864e-08
