target,prediction_0,prediction_1,prediction_2,prediction_3,prediction_4,prediction_5,prediction_6,prediction_7,prediction_8,prediction_9
3,0.0,0.0,0.0,0.9956143710740003,0.0,0.0011682242990654205,0.0,0.0,0.0,0.003217404626934273
5,0.03415103415103415,0.060932857991681515,0.10520960520960522,0.006349206349206349,0.16552028218694886,0.24568260352574078,0.29463967405143876,0.01695526695526696,0.0610356600552679,0.009523809523809525
9,0.001699563994602514,0.0065344389607034595,0.003130581233391038,0.005945962342385594,0.001061168611568272,0.018345287061682595,0.0002449479485609308,0.002584536133083207,0.008152443962598857,0.9523010697514233
8,0.002403846153846154,0.002403846153846154,0.009222027972027973,0.017851803993108338,0.027403846153846154,0.17857142857142858,0.0,0.22662337662337662,0.5262977964064921,0.009222027972027973
3,0.020101297879075657,0.025346301208370173,0.03151914071454301,0.802805339970091,0.0020576131687242796,0.0028490028490028487,0.0,0.0020576131687242796,0.10509654954099397,0.008167141500474834
7,0.07207270604819171,0.0708124562819829,0.04429641103867809,0.029945380478604434,0.2555689740176907,0.016812100150092348,0.017671786567434716,0.3398243244565569,0.12963444754653836,0.023361413414229905
3,0.0,0.0016904655183453928,0.0009556815795001051,0.9229419118411668,0.0,0.0012422360248447205,0.0,0.006635876201093592,0.005410628019323671,0.061123200815725885
3,0.0030179919139387613,0.055781623858694326,0.049562677769046576,0.5518635229419471,0.003268904345414145,0.010356149938148634,0.0005671077504725897,0.09990015858507348,0.01975786876691806,0.20592399413034643
7,0.0078125,0.017064144736842105,0.006578947368421052,0.013020833333333334,0.08396381578947369,0.05263157894736842,0.028234649122807015,0.7874040570175439,0.003289473684210526,0.0
1,0.003676470588235294,0.6126140119546528,0.16918632075471698,0.02356350806451613,0.01,0.085285423290938,0.032058823529411765,0.016129032258064516,0.029286758295297196,0.018199651264167394
0,1.0,0.0,0.0,0.0,0.0,0.0,0.0,0.0,0.0,0.0
7,0.001851851851851852,0.00605336519315014,0.0049382716049382715,0.012345679012345678,0.003988603988603988,0.0,0.0,0.9579327880403148,0.0035842293906810036,0.009305210918114143
3,0.005959667980573903,0.004789259144659842,0.004495515776293367,0.943387652413513,0.0,0.015820698747528016,0.0,0.0,0.000534412671712924,0.025012793265718883
7,0.001851851851851852,0.008232014430622906,0.0049382716049382715,0.012345679012345678,0.03671023965141612,0.01525054466230937,0.0,0.879417621289854,0.007941527865626538,0.03331224963103521
6,0.003097173828881146,0.00042789901583226354,0.00038714672861014324,0.00993115521217324,0.0027071162226122796,0.00898884415297399,0.9685023513913075,0.002776977286421629,0.0021208907741251323,0.0010604453870625662
6,0.010775862068965518,0.014150943396226415,0.00646551724137931,0.0,0.00451366297983084,0.14675504229017566,0.8151837996096292,0.0,0.0021551724137931034,0.0
2,0.0,0.08481085613071826,0.7278944925944281,0.035382785615857865,0.0034782608695652175,0.02794161238588414,0.08061072472154769,0.006706953920178642,0.02267920775431029,0.01049510600751008
0,1.0,0.0,0.0,0.0,0.0,0.0,0.0,0.0,0.0,0.0
0,1.0,0.0,0.0,0.0,0.0,0.0,0.0,0.0,0.0,0.0
9,0.005593773886456813,0.021610684785621684,0.00039984006397441024,0.023858795389313618,0.002258355916892502,0.02400622170763455,0.0,0.007714679695887213,0.013976578655568127,0.9005810698986515
9,0.017764926983669136,0.0228893652969184,0.05866331372365758,0.2174241820372347,0.0,0.0052797217276077685,0.0,0.0017810044321178997,0.01791015319732865,0.6582873326014659
2,0.0011432926829268292,0.0728641900572094,0.7892783847485224,0.03996462343713274,0.0,0.009105028697122892,0.046235695256468305,0.004869114625212186,0.029590206687735383,0.006949463807669678
4,0.013896607117819888,0.06720364591079211,0.008534226577957228,0.007385635742367118,0.7951815404671285,0.0176210349844872,0.0021566838958143307,0.05617643198261211,0.009469526826506213,0.02237466649451541
5,0.0,0.0375344225017968,0.02195466806308899,0.01598829040156593,0.016034715844535037,0.7800276723538451,0.005224272580795953,0.0071919929243953505,0.10745604541433178,0.008587919915645099
0,0.9708183062251429,0.0013066202090592333,0.0,0.0,0.0038597861348071607,0.019351623131326913,0.0008339154110418955,0.0025531659257479276,0.00042052144659377626,0.0008560615162801874
1,0.0027100271002710027,0.45587810703454096,0.07990046715165862,0.1486141974297287,0.013316087706331609,0.010101010101010102,0.04444444444444444,0.09948810599217102,0.14554755303984349,0.0
1,0.0011101661452480027,0.722141542124399,0.023562104630745706,0.023778892878451332,0.010588496868984673,0.029608563982784244,0.00857122728808837,0.09556443825184859,0.06510038613122328,0.019974181698226866
8,0.010696109199566739,0.030042019260601523,0.013643359649091665,0.011059365067012982,0.02651036027261473,0.0015810276679841897,0.0073905723156436716,0.005803876930165119,0.8491814820958034,0.044091827541516054
9,0.03370296653664801,0.02743866599847293,0.1012899446446695,0.03164141301193177,0.0150497905551438,0.013568452714856856,0.01722567420172783,0.007937697770712,0.15325073249552001,0.5988946620703175
9,0.0,0.2510548184085418,0.0,0.003125,0.13612637362637364,0.01393110435663627,0.0,0.04816557555919258,0.025,0.5225971280492556
5,0.0012587387273032854,0.14121675815445797,0.13684696004480368,0.1346236081711101,0.03790135751239968,0.38860523425413895,0.011324409465781051,0.01297342091105503,0.10725605084729678,0.02799346191165341
5,0.001977587343441002,0.10612777740891925,0.04641352549889135,0.16587450052752722,0.02337243728397148,0.5407864963989845,0.043052208267663664,0.0156075065561736,0.026948638548593647,0.029839322165834285
3,0.0,0.1565211489831086,0.06622643725712177,0.4533079809727658,0.005852016095918535,0.1267897816083673,0.008756348067682357,0.008921311299360078,0.02775940173560158,0.14586557398007388
7,0.0,0.0015547263681592038,0.0013802622498274672,0.0024451354107421597,0.03400215479054554,0.0034301496792587317,0.0,0.9355298365931223,0.008814165664032739,0.012843569244311893
8,0.01197933709213253,0.07829825736590211,0.0691574610452974,0.06922518039818326,0.06011007629126282,0.016847524294388728,0.016512982820449607,0.04317326298050186,0.5640908004522623,0.07060511725961921
2,0.020898913793072425,0.08948602743044534,0.1745459453299513,0.027813026558689974,0.05122833788604237,0.043224750204262204,0.014811948813479133,0.15481033458026314,0.40744570419390425,0.015735011209889963
7,0.000717670011148272,0.03149942167177785,0.007891348866135075,0.043591384657154925,0.019432060994130654,0.00736316221203968,0.000983284797084419,0.8404331838681572,0.035400276653844875,0.012688206268527057
5,0.012806309076036478,0.08224246738674762,0.05224784724670997,0.006077123129310225,0.1689699679296526,0.5151962554073718,0.11021552685742225,0.0037135042888898,0.04487942143525167,0.003651577242607427
5,0.06359138876077344,0.040088650367821194,0.005172011594858995,0.02035692195080621,0.19447358180199653,0.2182906874300588,0.025336674112873905,0.18952789263065636,0.06818533999538916,0.17497685135476534
1,0.0,0.7052017671937623,0.018176020408163265,0.041576867816091954,0.025213675213675214,0.011111111111111112,0.0,0.00641025641025641,0.1482219827586207,0.04408831908831908
0,0.875,0.0,0.0,0.0,0.0,0.0,0.0,0.0,0.125,0.0
6,0.0029089397953353073,0.0024154589371980675,0.0008051529790660225,0.010466988727858293,0.0014492753623188406,0.014607033400862291,0.9504389382369746,0.0,0.016908212560386472,0.0
6,0.005050505050505051,0.005050505050505051,0.0,0.0,0.0,0.0,0.9772727272727272,0.005050505050505051,0.007575757575757575,0.0
4,0.008381753823549056,0.00999065225618674,0.008744576697018133,0.004830917874396135,0.284727768415593,0.0007127583749109052,0.0,0.3515453097690327,0.206321471618204,0.12474479117110944
0,0.7173305255496749,0.009704530243683004,0.00038714672861014324,0.004880086394848911,0.16020419374077913,0.0,0.05788662556955241,0.006968641114982578,0.034779285362530325,0.007858965295338572
3,0.003105590062111801,0.0004482294935006723,0.0009556815795001051,0.8802057685217782,0.0,0.04576365663322185,0.0,0.003105590062111801,0.021283643892339544,0.04513183975543589
1,0.0,0.7628308482649289,0.002551020408163265,0.011458333333333334,0.03771367521367522,0.01908983451536643,0.0,0.04816557555919258,0.0234375,0.09475321270534037
3,0.011494252873563218,0.012862616310892173,0.07434774676153987,0.7379067080216505,0.06704980842911877,0.026455026455026454,0.0,0.030925013683634373,0.019704433497536946,0.019254393967037643
6,0.0009187989737188822,0.018919018768540102,0.005765734208901104,0.0060294705201776695,0.002700149865601961,0.0013507323033903145,0.9443963804639809,0.00017746228926353148,0.016780447490136696,0.0029618051162889464
0,0.8632161192131207,0.0026290208554259455,0.007113821138211381,0.013303769401330375,0.001682085786375105,0.050409052679868484,0.00042052144659377626,0.018450378469301934,0.030411845075245088,0.012363385934527191
4,0.018664153342963813,0.09958965531896809,0.0,0.0,0.7832591036559194,0.02451681831599358,0.04132464631217475,0.026997871026830614,0.004722682646946322,0.0009250693802035152
6,0.0,0.014150943396226415,0.0,0.0,0.0023584905660377358,0.0023584905660377358,0.9811320754716981,0.0,0.0,0.0
6,0.0,0.009259259259259259,0.1111111111111111,0.0,0.0,0.0023148148148148147,0.875,0.0023148148148148147,0.0,0.0
7,0.0,0.027416157897292594,0.020665159625266116,0.009425539183733244,0.039462901080862596,0.02826086956521739,0.0,0.8241308197080928,0.031344476856435696,0.019294076083099604
1,0.0048064631589712125,0.5446895076331545,0.04092955013920767,0.018256966427698133,0.08591394055789102,0.020142093312825023,0.003003003003003003,0.07611157531624128,0.19713789144199914,0.009009009009009009
0,0.9218699096534634,0.00018903591682419658,0.0036546943919344675,0.015664101179224052,0.0,0.0055750350631136045,0.00037807183364839316,0.0,0.04256741420730078,0.010101737754490971
8,0.01171875,0.01396780303030303,0.18848557692307694,0.030220685111989457,0.023319128787878788,0.0,0.026041666666666664,0.0,0.6945276394800851,0.01171875
6,0.002939907217607077,0.003344481605351171,0.007525083612040134,0.0,0.10261984392419175,0.01968569065343259,0.8638849929873772,0.0,0.0,0.0
1,0.0,0.5845944550822599,0.21328013650506877,0.016120214290945997,0.012012012012012012,0.03590785907859079,0.007407407407407408,0.0,0.11872596367176312,0.011951951951951954
9,0.0,0.0,0.058901515151515156,0.07981283422459894,0.07945772058823529,0.0,0.0,0.4912307820855615,0.19952651515151518,0.09107063279857397
1,0.0,0.6742555874749941,0.004634353741496598,0.0125,0.09996980676328503,0.01908983451536643,0.0,0.040124884366327475,0.10275621118012424,0.04666932195840613
4,0.01764823943858713,0.21276310279408758,0.0008130081300813008,0.009146341463414634,0.6521825697305919,0.022373661898850535,0.011853035569711689,0.048451764986887184,0.021719495499983303,0.003048780487804878
2,0.0,0.10476757928730125,0.7391772318576856,0.057797145747683916,0.008834710990421057,0.020789539283279545,0.023827018456080745,0.015182116965482835,0.016890906459037625,0.012733750953027393
8,0.0,0.06510416666666667,0.25333881578947365,0.13545081967213116,0.01875,0.1501529987760098,0.15416666666666667,0.00625,0.21473735210118317,0.0020491803278688526
4,0.02632375388444482,0.006364838921375105,0.01619769899486261,0.0028797781953462174,0.8850744368581518,0.013296118152838677,0.018945868412696805,0.022212425861623336,0.008243416389534733,0.00046166432912575966
9,0.009615384615384616,0.0023584905660377358,0.1884469696969697,0.08059275630030346,0.015625,0.2708836787805558,0.0,0.0,0.020833333333333332,0.4116443867074153
9,0.0,0.03359683794466403,0.006818181818181818,0.08449595747389865,0.22935537727937025,0.006696428571428571,0.0,0.37776879650081374,0.05912796442687747,0.20214045598476543
1,0.005813953488372093,0.5666820534753905,0.06847707265005323,0.007073643410852713,0.029015899122807016,0.057811282964281736,0.00860862262038074,0.04846968671059142,0.2080477855572707,0.0
6,0.01890969005530774,0.010584544258050554,0.03663823586030622,0.007694698507990161,0.026907797940303017,0.024906259887504674,0.8536875163499209,0.0010972139885809052,0.01941301255622272,0.0001610305958132045
2,0.005420054200542005,0.1465617023406527,0.567971077850246,0.0649583364997432,0.022299749682052575,0.07374525476624172,0.031239221483123924,0.012843136779608702,0.05247342954518224,0.022488036852606814
3,0.0,0.0,0.0,0.9956143710740003,0.0,0.0011682242990654205,0.0,0.0,0.0,0.003217404626934273
8,0.00235191637630662,0.18007285252646496,0.044923044343503325,0.0901388434569028,0.05556482344203686,0.13156699411419723,0.0,0.25454437295775056,0.2099116448859633,0.030925507896874347
2,0.0,0.011111111111111112,0.8437914411779046,0.010576641801959923,0.0,0.0,0.0,0.0,0.13452080590902446,0.0
1,0.013994306752488247,0.5209985223115222,0.05024287202345398,0.011526151989461211,0.0834215956256456,0.05753063618618632,0.07180839906790956,0.06373750569324833,0.10750243027150345,0.019237580078580747
8,0.006768215256298594,0.30016382518194584,0.2160290759494082,0.09333186327207686,0.02193466269579918,0.004200542005420054,0.021653657385320144,0.006124853823887417,0.31703349855599944,0.01275980587384423
4,0.049275362318840575,0.0927592283539469,0.07786228694103943,0.00821639672044978,0.5410715589324014,0.00452870637100556,0.01747281213014448,0.05661312343791836,0.12847860966073862,0.023721915133514838
4,0.06899465266122408,0.008660642266586005,0.01633630671870091,0.0036470416224561922,0.8510741021629226,0.002113526570048309,0.014859138921280804,0.024739943140729435,0.008678198998230385,0.0008964469378214119
4,0.00769153750650807,0.015840625259360974,0.009112948432315868,0.0020753102267864784,0.5954172276085123,0.018311184480288085,0.002495093916456406,0.2465571220883414,0.04062799552993567,0.06187095495149462
9,0.001699563994602514,0.03551148874934745,0.0029280227472786766,0.011864651928371965,0.002194546217464336,0.038127283187743534,0.0011145131659522352,0.005213583297229398,0.02641182853758035,0.8749345181744292
2,0.0016306901699479383,0.010877357330097377,0.9152377332946913,0.024573491044374916,0.000712428032559063,0.007088587198865061,0.0008921991788609327,0.006767874130520126,0.021634552427687546,0.010585087192395896
7,0.004665763241560036,0.011755787492424712,0.009022629491415683,0.043577387000863235,0.08710911659762544,0.008990362028288937,0.005811850465901392,0.7901370178472316,0.02975710751451552,0.009172978320173587
7,0.15227272727272728,0.15948946886446885,0.006818181818181818,0.005575980392156863,0.43612637362637363,0.016666666666666666,0.0,0.13776052378993556,0.0,0.08529007756948934
1,0.0,0.754466799713449,0.08312111631403045,0.017097701149425288,0.015989583333333335,0.0022727272727272726,0.015319148936170212,0.010638297872340425,0.10109462540852399,0.0
9,0.017222921563614935,0.02628106565777228,0.037249712964148106,0.06574540246874153,0.0028694404591104736,0.01587500698016566,0.0,0.0050502849552027836,0.016180074838200418,0.8135260901130439
5,0.017857142857142856,0.03125,0.0,0.03125,0.07552083333333333,0.7993816458622284,0.03571428571428571,0.009026092233009708,0.0,0.0
0,0.906898534325001,0.019641296278010017,0.0,0.00042789901583226354,0.02100881369174052,0.0,0.004586199708150928,0.00858175248419151,0.03252092944563782,0.0063345750514361325
5,0.0,0.0,0.003898635477582846,0.006349206349206349,0.009523809523809525,0.9403387696293873,0.0,0.006349206349206349,0.02401656314699793,0.009523809523809525
0,1.0,0.0,0.0,0.0,0.0,0.0,0.0,0.0,0.0,0.0
2,0.0,0.07121561000344277,0.8671190576885279,0.031356507466083344,0.00046019328117809477,0.000975609756097561,0.0033875338753387536,0.0014557134404613202,0.02000713562302559,0.004022638865844441
7,0.0,0.0009057971014492753,0.0013802622498274672,0.08674284652545522,0.05250777612175637,0.0007127583749109052,0.0036046079524340397,0.8390914583220163,0.010414857855250563,0.0046396354968998845
1,0.004874213836477988,0.7239657599366666,0.03192054113019866,0.010114208284939993,0.035116152923661485,0.008130081300813007,0.002777777777777778,0.043809794449180636,0.11908449868272404,0.02020697167755991
8,0.026089307741121205,0.07127889050839965,0.03373178490315846,0.04915995894556983,0.01642088032981904,0.020101356137806888,0.023974203870168985,0.020853522997144647,0.4500437280744694,0.28834636649234185
5,0.0007012622720897616,0.15129088091704873,0.007408955778520996,0.02973145780051151,0.04210262195848591,0.6893120258837085,0.02945301542776999,0.029104061150338426,0.015734958855369713,0.0051607599561563754
7,0.0078028345470205936,0.08686144600123095,0.0049382716049382715,0.012345679012345678,0.10194491124723684,0.0,0.0,0.7698504139114292,0.006951232757684371,0.009305210918114143
2,0.31350319463923954,0.028653757727481736,0.2783318891002645,0.004289661189472153,0.11755711447156048,0.0,0.01246506066921946,0.0599527480147891,0.13741419913442598,0.04783237505354708
5,0.0008655394524959742,0.10983136979585494,0.08157091266125456,0.1671898789370762,0.023582456022091473,0.4926521048128161,0.04278479175548967,0.009166174201448626,0.009154421242462898,0.06320235111900943
2,0.0,0.05859375,0.6004764819024304,0.015625,0.08515625,0.061030801932155966,0.10837053571428572,0.00625,0.06449718045112782,0.0
1,0.0,0.6403818686730921,0.0,0.011458333333333334,0.03771367521367522,0.030453470879002794,0.003787878787878788,0.04816557555919258,0.08404356060606061,0.1439956369477646
9,0.0022675736961451243,0.11558641975308642,0.20105820105820105,0.09841269841269841,0.013888888888888888,0.023651613255744067,0.0,0.04958333333333333,0.015691609977324262,0.4798596616245784
1,0.0035383668283355935,0.5154183673505461,0.12554472364141298,0.020023378008338182,0.04224416599555335,0.019190147831262817,0.019416705132705853,0.007839420238342071,0.23248241425007707,0.014302310723425847
6,0.0,0.004814536771555973,0.05057027342372085,0.000945179584120983,0.0,0.0023715415019762843,0.9031653613592622,0.0,0.03529756860700085,0.0028355387523629487
9,0.0023148148148148147,0.2085577038138708,0.007936507936507936,0.06420706420706421,0.2605141906612495,0.0057461873638344225,0.0,0.02221444133208839,0.019187254481372127,0.4093218353891978
2,0.0020380434782608695,0.21429292175860495,0.3655259792835413,0.07117200271383935,0.00712470465665755,0.00787268304382088,0.015355249204665961,0.014565570473007453,0.2751866253084597,0.026866220079141915
7,0.0,0.0,0.0,0.0024509803921568627,0.010638297872340425,0.0,0.0,0.9566645807259073,0.0,0.03024614100959533
3,0.0,0.002554278416347382,0.002554278416347382,0.913569260769854,0.0,0.035842293906810034,0.0035842293906810036,0.017921146953405017,0.02150537634408602,0.0024691358024691358
4,0.030539772727272728,0.011332417582417582,0.0,0.013020833333333334,0.783537765339236,0.016281512605042014,0.013144841269841268,0.0715909090909091,0.011363636363636364,0.04918831168831169
9,0.0016339869281045752,0.04029920523609163,0.1111111111111111,0.0,0.04607843137254902,0.0029726750137806126,0.0,0.23010752688172045,0.016431451612903228,0.5513656118437393
8,0.012987012987012986,0.04292929292929293,0.16257997898546084,0.00961861136279741,0.08929267613478138,0.04365079365079365,0.09247195858498707,0.01576858813700919,0.49290706582728583,0.037794021400578776
3,0.0004977600796416127,0.004805880738392248,0.012701518058950704,0.9003339698384688,0.0,0.0024489795918367346,0.008939771030363364,0.0,0.027900306553286253,0.04237181410906029
9,0.0,0.028630547330874587,0.0,0.07407407407407407,0.0,0.0,0.0,0.0,0.05555555555555555,0.8417398230394957
9,0.011140646383829876,0.006152699524205853,0.0,0.0005434782608695652,0.0,0.0,0.0,0.006211180124223602,0.005854950675922543,0.9700970450309485
1,0.0035449061295876262,0.3011130888989288,0.016172793306980675,0.21951764983114422,0.029712637179197664,0.008161466701839372,0.0013175230566534915,0.052599590021632524,0.15220159663365024,0.2156587482403854
0,0.75,0.046875,0.125,0.0,0.0,0.0,0.0,0.0625,0.015625,0.0
4,0.035859537264124344,0.08952542541524448,0.0018242626938279112,0.004830917874396135,0.7462361330352312,0.0024154589371980675,0.00596459507190312,0.07565932154692082,0.03022121137331777,0.00746313678783614
9,0.01967763694106405,0.14894395151536538,0.026512570814542,0.07894645909223635,0.06398163435293563,0.2529444254602653,0.0025349694490733724,0.16085112223429948,0.12226577663092826,0.12334145350929017
4,0.008795497814185368,0.0771858917023912,0.010822064500639475,0.006291840200640239,0.6926372420162898,0.046479822494597096,0.10158897862265825,0.02507106836337555,0.026772184445149574,0.00435540984007354
7,0.0078125,0.00390625,0.0,0.013020833333333334,0.05490913120567376,0.0,0.005208333333333333,0.9045046542553191,0.0,0.010638297872340425
5,0.0,0.08507713291250746,0.019688838700986894,0.044705055300973934,0.007065086925771438,0.698000922182171,0.00029993923644778853,0.08375711890070281,0.04659247638192219,0.014813429458516554
0,0.9356425236345145,0.002224235104669887,0.003864734299516908,0.0002173913043478261,0.011982140243009807,0.008245508093906262,0.006992753623188405,0.01688546409942291,0.012657004830917876,0.001288244766505636
7,0.010283151814840692,0.029682787885545514,0.008771368382682032,0.02754870711713008,0.11285288221335231,0.02969249335157405,0.005212678213738659,0.49481577013895894,0.06017812010784943,0.22096204077432818
1,0.004728389456880238,0.5781674474737626,0.03886660417556144,0.026034922311055936,0.0631406634162354,0.016579202923331787,0.019704004143037104,0.0948255744508126,0.14228280845832034,0.01567038319100241
1,0.000945179584120983,0.714118891486793,0.023452215730156913,0.03817866173661245,0.009950395489147853,0.008201210328869904,0.0018702489643244984,0.00623261920597124,0.18021026790268904,0.016840309571314188
9,0.004841862117981521,0.013392857142857142,0.002976190476190476,0.06547619047619048,0.0,0.0018656716417910447,0.0,0.01488095238095238,0.03125,0.865316275764037
1,0.02826795987258118,0.4911810676928045,0.0089198606271777,0.036149015035925464,0.10409262817913566,0.08301469698385021,0.009102564102564102,0.08370835323856174,0.027389623962314466,0.12817423030508504
4,0.041865068869855096,0.013420522359141287,0.0015607580824972128,0.0,0.8575308041778418,0.016101671050916446,0.022762830788913724,0.016971473400587297,0.02467178175618073,0.005115089514066496
3,0.0,0.0,0.0,0.9956143710740003,0.0,0.0011682242990654205,0.0,0.0,0.0,0.003217404626934273
6,0.0065246493524675885,0.0034748247209845464,0.01124981744483394,0.0003012830502311568,0.005627452128749472,0.014420007270144537,0.9538661681685767,0.0007690761706973941,0.0036056910975014265,0.0001610305958132045
4,0.012770995487910322,0.03267798401254453,0.010482180293501049,0.012345679012345678,0.6116483835404544,0.007662835249042145,0.0,0.10597356771779723,0.1933476978026244,0.013090676883780331
7,0.000717670011148272,0.038769937806951496,0.010168470125630148,0.0365108461480996,0.02202153176286041,0.005842810685675203,0.0016931339541385447,0.8414309770575787,0.023946408393104836,0.0188982140548128
5,0.0013223802845121217,0.12149107710117525,0.007617985878855443,0.036630036630036625,0.20004289772873224,0.5730029060276047,0.011039871769184533,0.007015448319796147,0.029892819098134432,0.011944577161968468
4,0.0026041666666666665,0.04349734695129432,0.0,0.0,0.7774086603840824,0.05263157894736842,0.016434314954051794,0.07193748871535614,0.013706140350877192,0.021780303030303032
4,0.0,0.0,0.10056818181818182,0.07981283422459894,0.12112438725490196,0.0,0.0,0.40789744875222816,0.19952651515151518,0.09107063279857397
5,0.014492753623188404,0.044426594828940284,0.0009057971014492753,0.008920217079408646,0.009580396315472106,0.8813383800128232,0.0,0.011397188780071944,0.021657021528364552,0.007281650730281508
2,0.002583979328165375,0.1379495437466452,0.43209876543209874,0.0,0.08785529715762273,0.0,0.0,0.020671834625323,0.012345679012345678,0.3064949006977992
1,0.007588075880758808,0.3148859528373569,0.073809175977537,0.2906972543417426,0.006614211217869754,0.11449885002922067,0.008756348067682357,0.00939545274646017,0.050336012117090004,0.12341866678428173
5,0.0,0.0,0.0,0.0,0.0,0.9726236170693159,0.0,0.0012135922330097086,0.02616279069767442,0.0
0,1.0,0.0,0.0,0.0,0.0,0.0,0.0,0.0,0.0,0.0
4,0.20141120088100511,0.059544559918690725,0.019105691056910568,0.008841463414634146,0.41597223644551257,0.10563501694961977,0.11153821774942944,0.009901123424912782,0.05380883050130904,0.014241659657975891
0,1.0,0.0,0.0,0.0,0.0,0.0,0.0,0.0,0.0,0.0
3,0.009946151409566045,0.003227652876268007,0.0017558241864275611,0.8209233363840432,0.0,0.0463366020808942,0.0,0.0009380863039399625,0.032266569403869655,0.08460577735499143
5,0.004241781548250265,0.05206132976242164,0.002058298631766805,0.013279143641030115,0.026706822171273473,0.8186684356836353,0.008022411168966355,0.02162085073018419,0.043693172109124746,0.009647754553347147
2,0.0,0.013421108562634823,0.9117218323421779,0.021900238978927677,0.005356450120855838,0.0109565711245186,0.0026781207832473246,0.016364924388956963,0.013047064395461357,0.00455368930321959
0,0.958625525946704,0.0,0.0,0.0,0.0,0.001402524544179523,0.03997194950911641,0.0,0.0,0.0
3,0.0,0.14985849056603776,0.0,0.04319182389937107,0.002777777777777778,0.7185767641611203,0.0,0.0012135922330097086,0.0,0.08438155136268344
3,0.0,0.0,0.0,0.8138400219901044,0.003676470588235294,0.0011682242990654205,0.0,0.007352941176470588,0.0,0.17396234194612423
8,0.07836038503781759,0.18747734956095533,0.05304841226570811,0.029027188536296468,0.07432098798173542,0.13787907539303618,0.048397196496439567,0.12885058834573013,0.2096375943761525,0.05300122200612865
3,0.0124177388346643,0.06390767290898051,0.25651575826919076,0.33898760882181883,0.003623188405797101,0.039337474120082816,0.0,0.03612497977486536,0.23411608992485966,0.014969488939740655
0,0.8076923076923077,0.0017921146953405018,0.0,0.0,0.0,0.0,0.0,0.008547008547008548,0.0641025641025641,0.11786600496277916
8,0.023605538815512903,0.14577375839064666,0.14078405260211027,0.17018148470540434,0.06026125287330221,0.022292022428398315,0.03299418557963216,0.061702710990488754,0.3157819273376477,0.02662306627685664
8,0.0054524166483455195,0.03586740881135165,0.05039337389810617,0.042861164920063324,0.011159588316101546,0.010724790667775385,0.002174478208768132,0.008944956029984944,0.7321739840594425,0.10024783844006073
2,0.0,0.027245636441038737,0.652595719594252,0.27012857879642566,0.0,0.0,0.0,0.0,0.050030065168283684,0.0
0,0.5541666666666667,0.0,0.025568181818181816,0.0,0.35891955266955267,0.0,0.0183531746031746,0.024999999999999998,0.011363636363636364,0.006628787878787878
4,0.015437929885995228,0.08587131554995449,0.0037346711259754737,0.003344481605351171,0.7667434035425017,0.0,0.01739664128655803,0.040558983651551854,0.05282634950640621,0.014086223845705806
2,0.0,0.08674573534119372,0.7597884918615647,0.04582350801862997,0.0,0.032263536855631055,0.01329104499836207,0.005338157777182166,0.051721283289926076,0.005028241857510151
3,0.005698005698005697,0.025261158594491927,0.03467473884140551,0.7397554605887939,0.0,0.0028490028490028487,0.0,0.153858024691358,0.02279202279202279,0.015111585944919277
6,0.02172171810828615,0.023556627186866855,0.014250085758142917,0.008514600037443292,0.056190575567924436,0.01934863537055002,0.7619678253401949,0.020845994447978015,0.04459656093325151,0.029007377249361956
5,0.006384917297448836,0.04514060804091512,0.011019955654101996,0.17179919195729298,0.019015876970732135,0.4862243345627598,0.00248107653490328,0.020321375093745004,0.09200481972249126,0.1456078441656097
9,0.2909873188405797,0.039153071878265264,0.0034624824684431977,0.055122490598018964,0.09764803980255078,0.05410628019323672,0.024456521739130436,0.047533494169749335,0.25090257116950115,0.1366277291405244
6,0.0,0.009259259259259259,0.0,0.0,0.0,0.0023148148148148147,0.9861111111111112,0.0023148148148148147,0.0,0.0
3,0.01001082251082251,0.06726487646027876,0.2761591501344267,0.20910304102670182,0.0023148148148148147,0.026455026455026454,0.0031746031746031746,0.007936507936507936,0.3779803878860483,0.0196007696007696
0,0.9668520185280827,0.0,0.0032645048713101647,0.002912486064659978,0.0003344481605351171,0.013780609695152423,0.002181183655663807,0.001147342995169082,0.0021902092432044846,0.007337196786222273
0,0.9991442019683354,0.00042789901583226354,0.0,0.00042789901583226354,0.0,0.0,0.0,0.0,0.0,0.0
6,0.014711448713547714,0.013353617189417657,0.009505324722716027,0.010466988727858293,0.07002684507719463,0.03351149179581747,0.8263608458614828,0.001402524544179523,0.02066091336778574,0.0
4,0.0,0.08018867924528301,0.04481132075471698,0.0,0.3401280323450135,0.14737131342736765,0.0,0.37857208279904747,0.0,0.008928571428571428
6,0.005050505050505051,0.005050505050505051,0.0,0.0,0.0,0.0,0.9772727272727272,0.005050505050505051,0.007575757575757575,0.0
4,0.005710923504041859,0.10528449267448099,0.016144832320846642,0.030552114608378075,0.2530911636767349,0.48759445112298094,0.020386708190740382,0.037811568833038524,0.02258898361491436,0.020834761453843293
4,0.06459465075235761,0.01520166212926507,0.010849673202614377,0.0035742518351213996,0.834842001199583,0.002322956521242935,0.01447008195978184,0.030836838416181716,0.01842736804946103,0.0048805159343911705
9,0.005070373284378005,0.348605700781487,0.01682367780576694,0.010909965173083909,0.03758572523978122,0.02331070829106867,0.0,0.036027782105366286,0.016859373402236946,0.5048066939168311
2,0.008928571428571428,0.007149621212121211,0.8425527597402598,0.0022727272727272726,0.01875,0.0,0.016666666666666666,0.01534090909090909,0.08833874458874459,0.0
6,0.007168169982391069,0.011211857248442614,0.007208400666441179,0.0016535758577924762,0.0038793452718580337,0.003806755260243632,0.9578086543551808,0.0,0.005948648550705185,0.0013145928069450185
3,0.00018903591682419658,0.023262023183193002,0.03384251922199135,0.8680108314963267,0.0,0.014791545392675852,0.002791532613189065,0.0070211321065260755,0.019565283001864,0.030526097067409726
1,0.017822397269797813,0.21454992593090763,0.04992563586488805,0.007890105832122836,0.3554961342615591,0.11886327026375831,0.16996584822269564,0.006588928865577181,0.05677686271456837,0.0021208907741251328
2,0.005171689664095858,0.042066421363063704,0.7741363455848769,0.015510318774929026,0.015497165068032333,0.0035601231339217605,0.007845200340386655,0.015438791662924322,0.11850827931601753,0.0022656650917520483
7,0.005024841915085818,0.017784552845528455,0.0,0.0,0.3713759976901272,0.05039787798408488,0.0,0.49505041165575225,0.0,0.06036631790942136
4,0.010566339594647662,0.0010354197901049475,0.007671619372386636,0.0016233990658543087,0.9219522493368161,0.0013274850585576522,0.007697161769638043,0.03752858289633018,0.005037989569977478,0.00555975354568705
8,0.008249938927131186,0.03604342176779378,0.08720543524900996,0.016342140747450835,0.02756127666788066,0.05766089163250964,0.003723368561135814,0.03965189966890793,0.7015643305824121,0.021997296195767988
3,0.0,0.04124874759613472,0.09882493916330269,0.8232013688943105,0.0,0.0008051529790660225,0.0,0.007905138339920948,0.01417249993909033,0.013842153088174847
9,0.002198526283776255,0.23635372827290918,0.0007061955885197933,0.014163384964338308,0.10602969040371965,0.025199938692166822,0.0,0.05976714702690028,0.019493542717431755,0.5360878460502381
1,0.002719802476756298,0.7090110045372768,0.04255345436092151,0.019379060351335277,0.0075302229501527365,0.006817902681941002,0.008843036109064112,0.04272336472201904,0.14995282252168934,0.01046932928884395
3,0.0,0.03979912358905641,0.03489996790524113,0.7388963356282899,0.005565217391304348,0.0025992964637307063,0.0,0.023128359018142343,0.006433784839214471,0.14867791516502066
6,0.11616161616161616,0.005050505050505051,0.0,0.0,0.0,0.0,0.8661616161616161,0.005050505050505051,0.007575757575757575,0.0
4,0.004572510822510823,0.11490966248951599,0.0638451641842293,0.04921494612150964,0.26444705778599176,0.02065320777201237,0.14015328008342287,0.13272939456847324,0.19794824643335235,0.0115265297389816
1,0.0026041666666666665,0.46601710128495843,0.01216640502354788,0.012740384615384615,0.2278846153846154,0.010714285714285714,0.005208333333333333,0.13729967948717947,0.05488782051282051,0.07047720797720797
7,0.001851851851851852,0.007941527865626538,0.0,0.0,0.060633484162895934,0.0,0.0,0.9101477480984124,0.0035842293906810036,0.015841158630532443
0,0.984510917255274,0.0008101539292465569,0.0015122873345935726,0.0026465028355387526,0.0003344481605351171,0.001534526854219949,0.002736316280183732,0.001989201477692526,0.0035916824196597355,0.0003339634530560806
7,0.0,0.0,0.0,0.0024509803921568627,0.016666666666666666,0.0,0.0,0.9612745098039215,0.0,0.0196078431372549
2,0.0,0.13825031928480203,0.7405367532283241,0.029932950191570877,0.08024691358024691,0.0,0.0,0.0,0.011033063715056052,0.0
7,0.0021579283887468033,0.07757354998751617,0.07209742065253782,0.08499318328338376,0.034152276447800105,0.029158944254346352,0.0018953770135244612,0.5331917558904924,0.11635697635073056,0.04842258773092146
3,0.0,0.002554278416347382,0.002554278416347382,0.992422307364836,0.0,0.0,0.0,0.0,0.0,0.0024691358024691358
8,0.00865806572130587,0.22623337505224383,0.023472209985516062,0.027091778628782526,0.05508253052211352,0.007493133248475916,0.01338257492506416,0.0613892702041938,0.56515033773674,0.012046723975564309
9,0.0,0.01232856767295258,0.0020014631385702653,0.00438116134171808,0.0007867820613690008,0.011682575438833075,0.0,0.0020091041924244126,0.013111720465670683,0.9536986256884622
8,0.007365319865319865,0.11616161616161616,0.25826990632318503,0.07588383838383837,0.0023148148148148147,0.0,0.027016653655997917,0.001984126984126984,0.49305097225179195,0.017952751559308935
9,0.004779387773285561,0.03192161475946057,0.03487705715134598,0.17235590028512193,0.00029638964736633294,0.015236303249359083,0.0006342982354976358,0.008117849872230262,0.02178197388144314,0.7099992251448894
0,1.0,0.0,0.0,0.0,0.0,0.0,0.0,0.0,0.0,0.0
2,0.025641025641025644,0.1023391812865497,0.8126595248486198,0.0036321973575154792,0.017094017094017096,0.0,0.0,0.0,0.03863405377227229,0.0
6,0.0021037868162692847,0.004207573632538569,0.0,0.0,0.002805049088359046,0.009817671809256662,0.9782608695652174,0.001402524544179523,0.001402524544179523,0.0
1,0.005813953488372093,0.5969861076480394,0.06847707265005323,0.02758043546936891,0.00977746212121212,0.005179704016913319,0.005319148936170213,0.013545274616526472,0.2673208410533443,0.0
5,0.010775862068965518,0.07322585702341136,0.00646551724137931,0.0,0.24550540234690346,0.12995251102646352,0.5057568871814093,0.0,0.028317963111467524,0.0
6,0.004363180678970151,0.018919018768540102,0.005765734208901104,0.0060294705201776695,0.0029868197174892047,0.0013507323033903145,0.9406653289068425,0.00017746228926353148,0.016780447490136696,0.0029618051162889464
5,0.0,0.02364864864864865,0.0,0.0,0.0,0.9514891104696931,0.0,0.0012135922330097086,0.013513513513513514,0.010135135135135136
8,0.00691898945458962,0.04517829424487391,0.17007488253070002,0.08465632919785189,0.017378398154244416,0.010407654331212242,0.0069677604814859205,0.011760830319548391,0.639504115023512,0.007152746261981523
9,0.0,0.028630547330874587,0.0,0.0,0.0,0.0027275769745649264,0.0,0.0,0.0,0.9686418756945605
9,0.04327799548003483,0.07941466138202151,0.09574961636936813,0.03731362886171814,0.039668642705428796,0.01915463301770433,0.0677192621040954,0.019963804518977894,0.34604216214842193,0.25169559341222913
4,0.025331439393939396,0.007612179487179487,0.0,0.0,0.8884732536855179,0.0,0.013144841269841268,0.02869586192109777,0.021780303030303032,0.014962121212121211
9,0.0,0.01755504850918951,0.0020014631385702653,0.004961881434633295,0.0007867820613690008,0.011682575438833075,0.0,0.0020091041924244126,0.016596041023161975,0.9444071042018188
9,0.0017705053758480269,0.04873435592293413,0.006877790907816557,0.028105448518779767,0.002003967769902525,0.043776947696536915,0.00014492753623188405,0.00604665048415848,0.06726254547185742,0.7952768603159341
3,0.007965579394150822,0.025346301208370173,0.04121931708138604,0.7217941700700321,0.0,0.007384150241293098,0.0,0.0,0.029594743880458168,0.16669573812430954
8,0.0303328959078088,0.1389858619529433,0.09511525285113599,0.1222857801244435,0.009687813826934826,0.01533123420305081,0.02247396519583443,0.01966129460935167,0.3842365872441714,0.16188931408432514
3,0.0,0.1625,0.0,0.008333333333333333,0.002777777777777778,0.796234728180427,0.0,0.0012135922330097086,0.02616279069767442,0.002777777777777778
3,0.0004977600796416127,0.026097205579336008,0.002776468735076686,0.9349294745760499,0.0,0.00336417157275021,0.0,0.008410428931875526,0.011015101032973193,0.012909389492296464
1,0.008173466525974579,0.3582660516628666,0.17119593999320987,0.02226130915155305,0.03870818851463664,0.0,0.0031746031746031746,0.15942498323510115,0.22136626384227284,0.017429193899782133
5,0.0,0.03908742637524919,0.002058298631766805,0.013180971818524768,0.019876055216952307,0.8625531935508371,0.0074310089338737685,0.012337945631323668,0.03621854567071738,0.007256554170755086
6,0.005755385089966346,0.04653800026881361,0.027854801814602873,0.005171102007928694,0.011215464781734996,0.04585237041155042,0.8357279497197847,0.0007490243792396265,0.019653317076371704,0.0014825844500070387
2,0.0,0.011111111111111112,0.8437914411779046,0.010576641801959923,0.0,0.0,0.0,0.0,0.13452080590902446,0.0
6,0.007558578987150415,0.1883975812547241,0.0026455026455026454,0.0,0.03250188964474679,0.007605820105820105,0.7589758125472411,0.0023148148148148147,0.0,0.0
9,0.002032520325203252,0.12985488939395032,0.007561129880748522,0.047334462371079966,0.011761133236945593,0.12367489635685677,0.004065040650406504,0.019122496350247566,0.06598057996017775,0.5886128514743837
3,0.002173913043478261,0.08304483042474503,0.16030748297644992,0.5321016330997127,0.014059161549064702,0.038110435200217715,0.10231195170835351,0.030125649725779774,0.015037456780173836,0.022727485492024375
1,0.0,0.44355815700104495,0.2763967803030303,0.017097701149425288,0.005989583333333333,0.0022727272727272726,0.13541666666666666,0.0,0.1192683842737722,0.0
9,0.0,0.11121312991345716,0.0,0.006006006006006006,0.012012012012012012,0.0027275769745649264,0.0,0.0,0.003003003003003003,0.8650382720909567
4,0.0,0.038289013617960985,0.006818181818181818,0.013636363636363636,0.7117223858742785,0.05998452012383901,0.011225981620718462,0.13003407962444705,0.010107655502392343,0.01818181818181818
7,0.002621428303935887,0.047809828791107935,0.003033367037411527,0.0012700472791322887,0.12591963280475868,0.005604062722736993,0.0,0.7588904496290599,0.03165845272491577,0.02319273070694101
4,0.005666263658526012,0.0009380863039399625,0.0008130081300813008,0.0,0.9640830015101048,0.003105450480848148,0.0028689806128830517,0.013384819515579828,0.004783676247419484,0.004356713540617292
0,1.0,0.0,0.0,0.0,0.0,0.0,0.0,0.0,0.0,0.0
4,0.05260416666666667,0.15940643786038522,0.038636363636363635,0.0,0.547137621150779,0.05490430622009569,0.008497807017543858,0.08514503588516746,0.03188795853269537,0.021780303030303032
5,0.013036164844407064,0.0041247972779597415,0.0,0.010558597027462351,0.014352133678774071,0.930349473974729,0.015037415626145655,0.004144562334217507,0.0022794418925621614,0.0061174133437424125
0,0.8912037037037036,0.0,0.0,0.0,0.0949074074074074,0.0,0.0,0.004629629629629629,0.0,0.009259259259259259
3,0.011494252873563218,0.14809528487689408,0.14937148845194823,0.5267955969105395,0.011494252873563218,0.026455026455026454,0.0,0.030925013683634373,0.028251442044545494,0.06711764183028551
2,0.0,0.013703703703703702,0.9538377374742009,0.010576641801959923,0.0,0.0,0.0,0.0,0.01743747257569109,0.0044444444444444444
3,0.0196078431372549,0.0,0.0,0.9321713870733479,0.0,0.0,0.0,0.026143790849673203,0.0196078431372549,0.0024691358024691358
8,0.0005720823798627002,0.125388841725871,0.06678260460972221,0.017789560927916743,0.11474499134866745,0.02134387351778656,0.009267734553775744,0.02967571221428164,0.579405676301917,0.03502892242019891
9,0.0,0.028630547330874587,0.0,0.0,0.0,0.0027275769745649264,0.0,0.0,0.001736111111111111,0.9669057645834493
0,0.7429982311320755,0.025943396226415096,0.0,0.0,0.07230247641509434,0.01724646226415094,0.01650943396226415,0.125,0.0,0.0
